40
40
40
39
40
27
40
39
10
39
21
39
12
19
39
39
39
21
39
39
27
40
39
40
40
39
39
26
3
39
19
39
26
40
39
39
39
39
1
39
39
-1
-1
39
-1
-1
-1
-1
3
-1
39
-1
-1
-1
-1
-1
-1
-1
-1
1
-1
-1
-1
-1
-1
-1
39
-1
-1
-1
-1
-1
-1
-1
-1
-1
-1
-1
-1
-1
-1
-1
39
39
-1
-1
-1
-1
-1
-1
39
-1
40
-1
-1
39
-1
-1
-1
-1
-1
39
39
-1
39
-1
-1
-1
40
1
-1
39
-1
-1
39
-1
39
-1
-1
-1
-1
-1
-1
-1
-1
-1
-1
-1
-1
-1
27
-1
-1
-1
-1
40
-1
-1
39
-1
-1
39
-1
39
-1
-1
19
-1
-1
-1
-1
-1
39
-1
-1
-1
-1
-1
-1
-1
-1
40
-1
-1
-1
40
-1
-1
39
39
39
-1
-1
-1
-1
-1
-1
27
-1
3
39
-1
39
-1
-1
-1
-1
-1
39
1
-1
19
-1
-1
39
-1
-1
-1
-1
-1
