40 200
4 7 5 21 33 29 20 3 15 2 28 35 39 22 14 26 0 32 1 9 6 25 30 11 19 8 10 13 38 23 24 34 36 16 27 18 37 17 12 31
31
34
33
17
37
11
32
21
2
28
6
26
3
5
16
24
20
7
13
15
10
38
30
39
36
23
27
8
1
12
4
22
9
35
25
19
14
29
0
18
17
59
81
17
120
167
166
74
1
106
18
53
111
128
139
161
193
47
116
0
62
162
44
174
170
112
24
161
104
144
120
179
195
136
179
78
111
47
60
186
191
69
25
20
75
91
76
126
42
60
24
80
36
121
135
29
63
104
186
91
153
30
20
59
26
99
75
168
31
0
68
26
150
147
20
151
21
132
149
187
147
77
196
195
187
128
128
108
152
40
10
143
119
117
135
39
132
190
14
159
112
16
47
25
137
56
4
132
101
117
156
131
21
190
155
178
127
178
187
106
182
37
160
133
115
31
176
156
18
21
20
83
127
102
142
56
107
11
196
1
19
82
28
139
64
54
107
152
19
0
190
5
88
74
16
41
160
43
74
124
