200
198
200
193
188
193
200
198
200
200
194
200
200
198
188
193
198
188
198
1
200
198
200
198
193
200
200
188
198
200
200
200
200
200
200
194
200
193
176
200
176
145
198
194
198
200
193
193
174
200
198
200
200
193
188
193
188
200
200
193
188
176
200
198
200
200
200
198
198
198
188
200
200
193
200
200
193
200
194
200
193
188
200
145
198
200
198
200
198
188
200
169
193
198
200
198
198
200
198
188
198
198
198
198
198
198
200
198
200
193
200
200
188
200
200
193
194
200
198
174
169
193
200
194
198
188
194
194
200
200
188
200
188
145
176
200
193
198
200
188
194
193
200
198
200
193
169
188
200
200
198
200
200
198
200
198
198
200
94
200
188
194
169
174
200
200
198
198
198
188
169
198
176
200
200
200
193
194
198
193
200
200
194
194
198
200
193
193
193
188
200
200
193
188
188
200
200
200
188
200
