200 200
67 41 58 174 162 137 13 190 5 66 198 16 93 44 9 57 175 156 192 158 71 25 81 102 197 154 132 191 134 141 61 20 0 140 65 29 108 188 104 116 3 186 170 100 55 39 120 113 83 138 152 36 12 79 56 166 7 136 23 167 107 96 135 111 196 53 164 144 142 45 128 42 180 85 76 6 97 19 147 109 21 30 105 145 173 11 48 99 49 161 92 185 172 4 112 181 94 91 179 69 82 51 117 73 32 110 119 121 31 143 38 26 98 106 59 153 72 155 68 101 149 52 146 157 37 1 87 14 127 88 165 187 133 70 114 182 63 17 189 64 125 24 184 148 139 47 95 122 60 151 183 40 78 74 124 43 22 131 28 169 199 46 193 8 90 103 168 77 178 194 33 195 15 50 62 75 2 159 126 84 150 10 171 163 115 176 86 54 118 35 27 34 160 18 177 89 129 80 130 123
187
111
195
50
19
48
155
91
186
129
70
188
173
94
40
44
115
39
104
0
156
85
143
113
59
150
157
26
89
130
125
167
145
135
164
72
136
45
15
139
17
4
106
73
121
182
46
42
12
152
81
154
131
47
34
57
28
123
189
53
32
14
161
90
190
168
159
107
98
108
37
158
146
51
179
147
55
193
75
151
43
18
185
3
82
133
99
175
109
29
128
9
60
87
184
110
120
178
101
27
96
92
102
103
97
80
181
83
169
49
177
162
23
165
138
58
71
198
114
10
8
41
134
67
119
38
79
78
191
141
30
127
35
2
13
170
52
112
197
21
69
62
137
117
199
54
6
22
140
126
100
124
166
118
144
93
105
142
1
176
33
77
5
11
132
153
95
122
88
20
7
116
16
183
172
174
66
76
86
61
171
148
74
68
84
192
65
64
56
31
163
149
63
25
36
160
194
196
24
180
