200 200
0 26 4 136 191 86 194 95 40 84 148 83 177 44 32 142 71 87 94 153 122 137 104 23 107 110 127 124 160 78 164 81 58 91 170 179 9 167 77 150 158 103 193 106 15 21 68 109 53 173 186 55 31 169 20 67 183 52 196 189 118 80 133 63 99 138 180 178 64 6 175 69 195 25 14 135 112 146 100 120 59 50 5 171 73 93 139 166 42 47 61 45 128 90 149 131 7 46 62 88 140 70 74 161 34 96 13 114 152 3 134 33 121 19 57 176 24 185 197 28 157 102 92 108 151 126 29 66 198 182 187 27 41 123 36 85 115 188 48 156 54 60 89 43 165 147 97 168 141 172 35 18 16 75 111 174 51 22 144 105 199 143 117 155 116 154 162 181 11 113 129 65 17 119 132 38 56 145 30 159 82 39 37 10 76 130 79 8 184 12 190 125 192 163 101 72 2 49 98 1
19
106
93
145
151
141
189
14
15
38
164
46
154
170
174
137
92
20
59
32
131
188
94
133
24
99
163
103
22
111
119
89
10
135
125
0
162
157
29
50
53
41
165
57
124
197
86
105
82
175
12
74
173
120
112
177
167
115
156
39
158
85
80
114
42
91
192
179
123
142
78
33
190
132
23
6
191
128
28
84
68
109
100
149
116
88
199
18
185
40
146
176
36
81
96
187
43
34
178
153
102
79
194
49
138
147
47
64
65
198
45
196
8
16
161
122
4
129
183
7
56
63
72
58
66
48
90
108
73
180
60
172
55
152
13
121
181
139
166
126
186
51
193
21
117
150
95
118
130
67
5
26
75
52
155
25
62
83
140
98
77
11
30
136
69
54
61
17
44
159
184
171
110
169
37
148
168
113
76
160
195
27
101
143
107
2
97
70
31
104
9
3
87
71
1
144
134
182
35
127
