133
37
174
72
149
128
122
129
179
61
164
78
42
86
9
197
169
134
67
82
199
187
158
185
196
125
194
29
157
175
186
162
41
58
6
139
2
21
26
40
69
163
111
7
104
87
49
93
23
59
124
192
170
16
110
57
120
94
48
148
35
102
39
195
68
75
183
91
24
65
154
81
38
123
161
173
79
156
132
117
84
32
171
76
5
95
135
127
172
97
178
106
141
20
45
66
146
47
3
200
19
114
190
43
107
147
96
136
74
142
12
30
44
151
119
53
22
155
60
50
1
51
166
73
15
168
46
80
11
165
126
143
52
188
77
36
189
109
103
167
64
144
83
150
105
31
100
140
137
34
28
25
98
56
121
176
191
130
90
131
18
153
88
14
184
160
85
33
181
115
118
182
27
101
113
145
99
89
55
108
138
180
54
71
8
13
152
63
198
193
4
62
92
112
116
177
17
10
70
159
