200 200
0 1 2 3 4 5 6 7 8 9 10 11 12 13 14 15 16 17 18 19 20 21 22 23 24 25 26 27 28 29 30 31 32 33 34 35 36 37 38 39 40 41 42 43 44 45 46 47 48 49 50 51 52 53 54 55 56 57 58 59 60 61 62 63 64 65 66 67 68 69 70 71 72 73 74 75 76 77 78 79 80 81 82 83 84 85 86 87 88 89 90 91 92 93 94 95 96 97 98 99 100 101 102 103 104 105 106 107 108 109 110 111 112 113 114 115 116 117 118 119 120 121 122 123 124 125 126 127 128 129 130 131 132 133 134 135 136 137 138 139 140 141 142 143 144 145 146 147 148 149 150 151 152 153 154 155 156 157 158 159 160 161 162 163 164 165 166 167 168 169 170 171 172 173 174 175 176 177 178 179 180 181 182 183 184 185 186 187 188 189 190 191 192 193 194 195 196 197 198 199
132
36
173
71
148
127
121
128
178
60
163
77
41
85
8
196
168
133
66
81
198
186
157
184
195
124
193
28
156
174
185
161
40
57
5
138
1
20
25
39
68
162
110
6
103
86
48
92
22
58
123
191
169
15
109
56
119
93
47
147
34
101
38
194
67
74
182
90
23
64
153
80
37
122
160
172
78
155
131
116
83
31
170
75
4
94
134
126
171
96
177
105
140
19
44
65
145
46
2
199
18
113
189
42
106
146
95
135
73
141
11
29
43
150
118
52
21
154
59
49
0
50
165
72
14
167
45
79
10
164
125
142
51
187
76
35
188
108
102
166
63
143
82
149
104
30
99
139
136
33
27
24
97
55
120
175
190
129
89
130
17
152
87
13
183
159
84
32
180
114
117
181
26
100
112
144
98
88
54
107
137
179
53
70
7
12
151
62
197
192
3
61
91
111
115
176
16
9
69
158
