200 200
199 198 197 196 195 193 192 191 187 186 183 181 179 178 175 174 173 170 167 165 162 161 160 159 158 156 155 152 151 149 147 146 145 142 140 139 138 135 134 132 130 126 125 123 122 121 120 118 117 116 115 114 107 106 105 104 103 102 101 100 99 97 95 94 91 89 87 86 84 83 79 72 71 69 68 67 66 63 62 61 60 59 57 54 51 49 44 42 41 40 39 36 35 33 32 30 29 24 22 18 17 15 14 13 11 10 8 3 1 0 2 4 5 6 7 9 12 16 19 20 21 23 25 26 27 28 31 34 37 38 43 45 46 47 48 50 52 53 55 56 58 64 65 70 73 74 75 76 77 78 80 81 82 85 88 90 92 93 96 98 108 109 110 111 112 113 119 124 127 128 129 131 133 136 137 141 143 144 148 150 153 154 157 163 164 166 168 169 171 172 176 177 180 182 184 185 188 189 190 194
194
32
181
21
70
126
172
46
115
63
134
97
48
192
36
148
68
71
176
24
145
84
116
50
190
109
135
20
128
167
41
151
122
144
117
56
162
168
95
6
19
8
91
4
173
156
131
78
16
163
125
42
77
87
179
103
93
85
119
121
152
136
34
82
161
81
120
138
132
62
35
74
99
150
187
164
108
23
195
58
30
54
28
66
40
29
174
106
165
43
90
96
191
75
129
160
146
45
12
13
88
133
137
157
142
141
111
127
166
188
185
140
178
18
69
139
11
33
182
51
94
0
64
184
49
154
38
37
80
83
5
92
65
118
143
3
25
104
180
2
175
7
61
9
73
79
86
27
1
107
112
153
76
149
102
100
177
114
60
155
124
147
130
110
169
158
159
22
196
26
67
171
10
113
52
57
72
44
31
105
198
183
186
59
39
170
55
197
98
15
199
123
89
101
193
189
14
47
17
53
