195
33
182
22
71
127
173
47
116
64
135
98
49
193
37
149
69
72
177
25
146
85
117
51
191
110
136
21
129
168
42
152
123
145
118
57
163
169
96
7
20
9
92
5
174
157
132
79
17
164
126
43
78
88
180
104
94
86
120
122
153
137
35
83
162
82
121
139
133
63
36
75
100
151
188
165
109
24
196
59
31
55
29
67
41
30
175
107
166
44
91
97
192
76
130
161
147
46
13
14
89
134
138
158
143
142
112
128
167
189
186
141
179
19
70
140
12
34
183
52
95
1
65
185
50
155
39
38
81
84
6
93
66
119
144
4
26
105
181
3
176
8
62
10
74
80
87
28
2
108
113
154
77
150
103
101
178
115
61
156
125
148
131
111
170
159
160
23
197
27
68
172
11
114
53
58
73
45
32
106
199
184
187
60
40
171
56
198
99
16
200
124
90
102
194
190
15
48
18
54
