200 200
16 2 10 16 2 20 5 19 5 20 1 13 19 1 1 20 20 9 10 7 15 11 7 15 9 17 9 11 16 16 19 11 18 6 4 19 5 7 15 8 6 17 19 4 16 19 3 15 7 12 0 1 0 7 16 7 4 3 18 18 19 14 6 14 18 10 10 3 17 5 11 0 20 8 2 15 6 4 10 13 14 8 12 14 13 6 1 15 9 17 12 7 9 16 19 6 3 9 7 18 14 17 18 13 4 19 5 10 2 13 0 16 0 12 7 14 16 8 8 4 3 19 9 12 14 8 16 18 17 3 15 10 20 11 0 1 7 5 11 7 19 9 2 17 0 7 8 17 14 17 19 17 13 8 6 6 16 20 1 12 2 15 20 20 3 20 0 10 2 9 17 19 18 17 14 17 1 1 11 15 16 9 11 8 15 15 13 10 15 12 20 15 4 19 13 5 16 13 15 17
0
1
2
3
4
5
6
7
8
9
10
11
12
13
14
15
16
17
18
19
20
20
20
20
20
20
20
20
20
20
20
20
20
20
20
20
20
20
20
20
20
20
20
20
20
20
20
20
20
20
20
20
20
20
20
20
20
20
20
20
20
20
20
20
20
20
20
20
20
20
20
20
20
20
20
20
20
20
20
20
20
20
20
20
20
20
20
20
20
20
20
20
20
20
20
20
20
20
20
20
20
20
20
20
20
20
20
20
20
20
20
20
20
20
20
20
20
20
20
20
20
20
20
20
20
20
20
20
20
20
20
20
20
20
20
20
20
20
20
20
20
20
20
20
20
20
20
20
20
20
20
20
20
20
20
20
20
20
20
20
20
20
20
20
20
20
20
20
20
20
20
20
20
20
20
20
20
20
20
20
20
20
20
20
20
20
20
20
20
20
20
20
20
20
20
20
20
20
20
20
