200 200
13 7 5 14 0 20 5 16 5 5 11 8 9 12 11 7 18 7 2 3 9 10 10 13 7 14 1 7 10 9 0 2 15 4 14 15 3 19 9 8 4 20 16 11 9 4 16 7 12 18 8 0 5 16 11 10 9 12 17 20 1 16 20 16 20 14 8 2 10 15 8 12 14 3 0 1 8 17 8 18 12 16 18 16 9 6 5 18 19 0 15 20 16 13 13 13 6 19 13 14 14 0 6 5 3 6 6 9 0 12 6 13 5 1 8 14 8 13 12 6 13 4 3 6 17 14 19 0 12 11 15 3 9 19 9 13 4 13 20 3 5 6 16 10 7 1 4 13 12 14 19 3 18 20 9 13 13 6 13 3 15 7 4 4 5 13 15 8 4 14 9 9 18 4 19 5 3 0 16 15 14 15 18 10 12 5 0 3 11 13 6 3 19 10 5 1 1 20 7 5
0
1
2
3
4
5
6
7
8
9
10
11
12
13
14
15
16
17
18
19
20
20
20
20
20
20
20
20
20
20
20
20
20
20
20
20
20
20
20
20
20
20
20
20
20
20
20
20
20
20
20
20
20
20
20
20
20
20
20
20
20
20
20
20
20
20
20
20
20
20
20
20
20
20
20
20
20
20
20
20
20
20
20
20
20
20
20
20
20
20
20
20
20
20
20
20
20
20
20
20
20
20
20
20
20
20
20
20
20
20
20
20
20
20
20
20
20
20
20
20
20
20
20
20
20
20
20
20
20
20
20
20
20
20
20
20
20
20
20
20
20
20
20
20
20
20
20
20
20
20
20
20
20
20
20
20
20
20
20
20
20
20
20
20
20
20
20
20
20
20
20
20
20
20
20
20
20
20
20
20
20
20
20
20
20
20
20
20
20
20
20
20
20
20
20
20
20
20
20
20
