200 200
8 2 15 14 9 4 1 16 11 4 5 6 17 11 5 13 19 2 4 6 0 16 4 7 11 8 13 8 1 19 5 7 19 20 1 6 3 0 1 13 4 7 19 19 18 1 12 15 3 14 19 4 9 2 11 18 8 1 5 9 18 10 17 17 7 16 0 9 14 1 1 18 8 18 17 4 17 6 19 20 20 17 1 6 17 10 1 4 10 6 13 5 14 7 1 0 0 20 9 14 1 8 10 7 3 6 11 20 10 7 18 7 1 19 13 18 7 14 20 15 18 13 20 11 18 20 9 19 19 19 10 20 4 20 5 8 3 16 7 13 1 4 20 2 1 10 19 6 1 18 0 19 8 20 7 6 19 17 2 16 15 12 15 17 12 20 4 13 14 12 6 15 14 3 15 13 14 13 19 15 9 17 12 17 15 19 0 11 15 2 6 7 13 20 4 2 17 8 15 10
0
1
2
3
4
5
6
7
8
9
10
11
12
13
14
15
16
17
18
19
20
20
20
20
20
20
20
20
20
20
20
20
20
20
20
20
20
20
20
20
20
20
20
20
20
20
20
20
20
20
20
20
20
20
20
20
20
20
20
20
20
20
20
20
20
20
20
20
20
20
20
20
20
20
20
20
20
20
20
20
20
20
20
20
20
20
20
20
20
20
20
20
20
20
20
20
20
20
20
20
20
20
20
20
20
20
20
20
20
20
20
20
20
20
20
20
20
20
20
20
20
20
20
20
20
20
20
20
20
20
20
20
20
20
20
20
20
20
20
20
20
20
20
20
20
20
20
20
20
20
20
20
20
20
20
20
20
20
20
20
20
20
20
20
20
20
20
20
20
20
20
20
20
20
20
20
20
20
20
20
20
20
20
20
20
20
20
20
20
20
20
20
20
20
20
20
20
20
20
20
