200 200
11 2 14 4 16 9 2 18 16 0 13 9 10 11 19 16 11 16 2 16 19 20 9 7 3 13 20 8 15 17 9 5 17 3 7 13 10 9 8 5 8 0 13 18 11 11 11 0 6 14 14 2 11 2 8 14 15 5 0 9 1 7 13 17 8 18 9 19 5 15 1 13 15 14 8 3 5 20 3 9 11 17 12 1 19 20 13 12 2 11 0 2 19 11 19 4 9 5 2 14 20 4 6 14 18 12 15 0 11 19 10 20 15 20 19 12 17 12 3 19 0 1 0 19 13 19 3 20 3 3 13 0 7 17 12 3 6 7 3 18 5 13 17 18 10 16 9 6 5 10 5 5 12 5 2 2 2 3 20 3 6 10 2 12 4 14 15 10 0 16 5 3 7 2 1 17 16 8 3 19 19 8 1 8 11 3 8 11 4 5 13 9 15 15 0 19 8 13 8 7
0
1
2
3
4
5
6
7
8
9
10
11
12
13
14
15
16
17
18
19
20
20
20
20
20
20
20
20
20
20
20
20
20
20
20
20
20
20
20
20
20
20
20
20
20
20
20
20
20
20
20
20
20
20
20
20
20
20
20
20
20
20
20
20
20
20
20
20
20
20
20
20
20
20
20
20
20
20
20
20
20
20
20
20
20
20
20
20
20
20
20
20
20
20
20
20
20
20
20
20
20
20
20
20
20
20
20
20
20
20
20
20
20
20
20
20
20
20
20
20
20
20
20
20
20
20
20
20
20
20
20
20
20
20
20
20
20
20
20
20
20
20
20
20
20
20
20
20
20
20
20
20
20
20
20
20
20
20
20
20
20
20
20
20
20
20
20
20
20
20
20
20
20
20
20
20
20
20
20
20
20
20
20
20
20
20
20
20
20
20
20
20
20
20
20
20
20
20
20
20
