200 200
6 20 0 16 19 16 14 8 17 20 19 4 7 9 2 1 18 7 20 9 5 19 1 2 18 4 18 0 2 10 12 6 9 11 2 6 4 16 12 19 13 11 3 20 20 5 19 15 11 19 3 14 15 5 16 13 9 11 11 12 0 0 16 8 11 18 12 16 13 3 14 6 14 15 3 14 0 2 8 9 0 10 2 13 15 17 3 3 5 14 13 6 15 9 12 3 4 3 17 16 6 9 20 19 3 2 10 3 4 16 10 2 5 11 16 20 5 19 1 10 13 12 14 5 0 5 8 5 6 5 19 11 14 18 9 17 20 19 19 4 14 6 4 18 17 20 17 1 17 16 10 7 8 3 12 6 7 18 9 13 2 7 3 14 4 10 11 4 6 7 6 19 13 8 16 8 6 10 7 2 6 17 7 12 0 17 18 7 14 7 18 15 14 20 8 17 9 17 19 16
0
1
2
3
4
5
6
7
8
9
10
11
12
13
14
15
16
17
18
19
20
20
20
20
20
20
20
20
20
20
20
20
20
20
20
20
20
20
20
20
20
20
20
20
20
20
20
20
20
20
20
20
20
20
20
20
20
20
20
20
20
20
20
20
20
20
20
20
20
20
20
20
20
20
20
20
20
20
20
20
20
20
20
20
20
20
20
20
20
20
20
20
20
20
20
20
20
20
20
20
20
20
20
20
20
20
20
20
20
20
20
20
20
20
20
20
20
20
20
20
20
20
20
20
20
20
20
20
20
20
20
20
20
20
20
20
20
20
20
20
20
20
20
20
20
20
20
20
20
20
20
20
20
20
20
20
20
20
20
20
20
20
20
20
20
20
20
20
20
20
20
20
20
20
20
20
20
20
20
20
20
20
20
20
20
20
20
20
20
20
20
20
20
20
20
20
20
20
20
20
