200 200
6 2 19 2 7 3 5 18 15 8 17 4 0 11 11 15 10 4 18 1 15 7 9 11 15 10 5 0 0 0 12 4 14 1 1 19 12 1 1 13 18 16 3 6 4 13 14 10 3 8 17 6 16 10 14 19 0 10 2 10 8 4 2 17 12 13 17 3 17 9 5 11 3 2 13 5 13 11 17 6 10 14 10 11 14 8 10 4 5 13 12 19 7 18 2 18 1 5 15 14 2 16 5 11 12 17 0 16 7 14 16 8 16 18 6 7 12 7 8 18 13 1 2 0 6 17 5 19 4 9 3 2 1 1 19 7 0 0 3 12 1 14 13 9 5 7 8 10 11 6 2 19 12 16 4 6 7 9 9 9 3 3 15 16 13 9 4 17 8 12 3 19 19 18 0 11 4 14 17 7 18 9 12 9 15 6 15 6 14 19 16 8 13 15 18 5 16 15 8 11
0
1
2
3
4
5
6
7
8
9
10
11
12
13
14
15
16
17
18
19
20
20
20
20
20
20
20
20
20
20
20
20
20
20
20
20
20
20
20
20
20
20
20
20
20
20
20
20
20
20
20
20
20
20
20
20
20
20
20
20
20
20
20
20
20
20
20
20
20
20
20
20
20
20
20
20
20
20
20
20
20
20
20
20
20
20
20
20
20
20
20
20
20
20
20
20
20
20
20
20
20
20
20
20
20
20
20
20
20
20
20
20
20
20
20
20
20
20
20
20
20
20
20
20
20
20
20
20
20
20
20
20
20
20
20
20
20
20
20
20
20
20
20
20
20
20
20
20
20
20
20
20
20
20
20
20
20
20
20
20
20
20
20
20
20
20
20
20
20
20
20
20
20
20
20
20
20
20
20
20
20
20
20
20
20
20
20
20
20
20
20
20
20
20
20
20
20
20
20
20
