200 200
5 16 19 14 13 7 13 17 2 16 4 14 19 3 17 0 7 1 10 3 11 15 0 9 8 10 13 5 15 4 9 8 13 8 2 2 19 14 9 10 18 3 14 8 4 17 7 16 6 16 8 5 9 18 17 19 1 18 11 8 1 5 10 1 4 1 19 8 14 5 19 12 9 10 2 6 8 13 14 0 4 9 2 14 8 5 0 15 12 5 17 11 18 16 11 11 1 6 18 11 13 5 7 6 7 8 9 18 7 0 3 11 16 12 1 3 9 7 17 19 11 14 4 2 18 4 11 15 9 12 17 14 18 10 11 17 2 3 6 10 4 13 17 15 4 17 16 10 0 16 2 16 3 2 3 0 18 15 15 13 12 12 1 6 13 19 19 16 15 6 0 12 10 5 0 15 7 1 19 5 10 6 0 3 2 13 12 15 6 14 12 9 7 1 18 12 3 7 6 4
0
1
2
3
4
5
6
7
8
9
10
11
12
13
14
15
16
17
18
19
20
20
20
20
20
20
20
20
20
20
20
20
20
20
20
20
20
20
20
20
20
20
20
20
20
20
20
20
20
20
20
20
20
20
20
20
20
20
20
20
20
20
20
20
20
20
20
20
20
20
20
20
20
20
20
20
20
20
20
20
20
20
20
20
20
20
20
20
20
20
20
20
20
20
20
20
20
20
20
20
20
20
20
20
20
20
20
20
20
20
20
20
20
20
20
20
20
20
20
20
20
20
20
20
20
20
20
20
20
20
20
20
20
20
20
20
20
20
20
20
20
20
20
20
20
20
20
20
20
20
20
20
20
20
20
20
20
20
20
20
20
20
20
20
20
20
20
20
20
20
20
20
20
20
20
20
20
20
20
20
20
20
20
20
20
20
20
20
20
20
20
20
20
20
20
20
20
20
20
20
