200 200
13 11 7 9 3 14 1 11 2 15 16 6 18 1 14 10 0 17 19 11 14 15 14 2 8 19 5 4 14 3 5 12 18 4 0 5 16 9 5 11 11 16 15 13 9 8 5 16 15 1 18 16 17 15 16 7 7 10 7 1 15 3 5 3 7 17 18 13 12 2 11 10 0 7 2 3 6 0 17 14 17 3 10 12 5 12 6 5 9 19 10 6 18 9 14 5 9 4 13 15 14 12 1 8 2 12 6 16 18 4 17 19 7 8 13 16 1 1 11 10 10 19 15 8 8 15 18 12 4 0 11 19 6 0 5 17 8 2 2 6 4 1 17 7 9 14 9 4 7 0 6 8 17 16 8 10 13 2 2 4 3 8 9 18 11 6 13 9 12 13 4 16 12 1 0 19 19 19 10 10 0 6 2 13 15 18 1 0 3 14 7 3 18 3 4 12 19 13 17 11
0
1
2
3
4
5
6
7
8
9
10
11
12
13
14
15
16
17
18
19
20
20
20
20
20
20
20
20
20
20
20
20
20
20
20
20
20
20
20
20
20
20
20
20
20
20
20
20
20
20
20
20
20
20
20
20
20
20
20
20
20
20
20
20
20
20
20
20
20
20
20
20
20
20
20
20
20
20
20
20
20
20
20
20
20
20
20
20
20
20
20
20
20
20
20
20
20
20
20
20
20
20
20
20
20
20
20
20
20
20
20
20
20
20
20
20
20
20
20
20
20
20
20
20
20
20
20
20
20
20
20
20
20
20
20
20
20
20
20
20
20
20
20
20
20
20
20
20
20
20
20
20
20
20
20
20
20
20
20
20
20
20
20
20
20
20
20
20
20
20
20
20
20
20
20
20
20
20
20
20
20
20
20
20
20
20
20
20
20
20
20
20
20
20
20
20
20
20
20
20
