200 200
187 23 109 160 85 3 153 157 56 102 130 49 170 62 61 17 31 57 104 58 72 76 77 199 108 28 64 182 129 34 151 116 58 10 25 93 164 129 200 19 30 129 18 150 141 79 167 172 87 21 29 159 47 56 108 155 85 172 87 13 6 37 79 14 198 105 107 161 33 106 130 13 185 149 163 125 178 80 96 64 101 125 174 98 132 81 53 16 52 140 29 8 127 109 22 75 164 79 35 197 135 166 160 119 64 122 43 41 152 139 56 52 14 180 101 146 60 154 162 62 43 141 71 120 200 93 195 163 123 181 109 57 146 68 177 160 141 19 151 92 109 157 95 123 136 196 18 146 99 180 8 92 70 29 11 70 72 157 183 195 137 92 52 32 110 179 192 0 198 142 93 106 99 138 179 185 83 197 131 132 126 89 23 197 68 185 16 140 141 199 85 77 40 87 109 151 65 50 151 12
0
1
2
3
4
5
6
7
8
9
10
11
12
13
14
15
16
17
18
19
20
21
22
23
24
25
26
27
28
29
30
31
32
33
34
35
36
37
38
39
40
41
42
43
44
45
46
47
48
49
50
51
52
53
54
55
56
57
58
59
60
61
62
63
64
65
66
67
68
69
70
71
72
73
74
75
76
77
78
79
80
81
82
83
84
85
86
87
88
89
90
91
92
93
94
95
96
97
98
99
100
101
102
103
104
105
106
107
108
109
110
111
112
113
114
115
116
117
118
119
120
121
122
123
124
125
126
127
128
129
130
131
132
133
134
135
136
137
138
139
140
141
142
143
144
145
146
147
148
149
150
151
152
153
154
155
156
157
158
159
160
161
162
163
164
165
166
167
168
169
170
171
172
173
174
175
176
177
178
179
180
181
182
183
184
185
186
187
188
189
190
191
192
193
194
195
196
197
198
199
