200 200
197 101 73 184 82 177 35 135 131 61 22 130 196 123 148 33 37 181 199 112 68 134 5 111 19 97 122 116 110 189 145 107 39 17 90 122 194 125 56 75 187 28 4 132 101 103 115 88 33 113 0 101 197 156 11 15 2 83 131 112 22 25 18 61 42 59 133 187 134 140 61 70 168 65 1 19 118 116 107 151 180 57 51 176 163 13 142 165 46 72 27 68 48 196 80 90 54 12 76 189 152 87 8 70 103 10 39 20 76 146 172 5 154 22 132 66 186 73 182 32 95 8 50 143 154 130 33 8 93 59 147 195 147 155 14 49 115 53 19 142 150 191 147 53 164 28 119 149 101 100 131 197 58 182 139 12 61 122 171 154 182 67 99 78 21 113 77 87 167 96 179 116 37 75 169 0 104 37 99 4 138 181 0 146 162 90 108 173 11 78 127 193 145 25 20 117 138 97 154 54
0
1
2
3
4
5
6
7
8
9
10
11
12
13
14
15
16
17
18
19
20
21
22
23
24
25
26
27
28
29
30
31
32
33
34
35
36
37
38
39
40
41
42
43
44
45
46
47
48
49
50
51
52
53
54
55
56
57
58
59
60
61
62
63
64
65
66
67
68
69
70
71
72
73
74
75
76
77
78
79
80
81
82
83
84
85
86
87
88
89
90
91
92
93
94
95
96
97
98
99
100
101
102
103
104
105
106
107
108
109
110
111
112
113
114
115
116
117
118
119
120
121
122
123
124
125
126
127
128
129
130
131
132
133
134
135
136
137
138
139
140
141
142
143
144
145
146
147
148
149
150
151
152
153
154
155
156
157
158
159
160
161
162
163
164
165
166
167
168
169
170
171
172
173
174
175
176
177
178
179
180
181
182
183
184
185
186
187
188
189
190
191
192
193
194
195
196
197
198
199
