200 200
1 24 80 180 26 193 160 38 16 172 158 112 176 63 56 123 190 20 188 77 72 97 32 125 163 113 37 154 184 55 81 185 30 161 164 6 103 74 44 120 196 1 31 171 14 37 93 4 57 31 81 79 128 63 154 90 126 191 44 109 46 125 94 26 35 7 32 139 31 76 8 26 28 190 148 193 26 40 197 33 71 27 62 199 40 15 39 166 6 83 25 2 158 69 28 193 76 10 81 58 36 89 84 64 78 31 57 54 22 3 37 43 31 99 193 21 115 31 188 71 114 12 73 21 31 51 13 57 61 95 115 97 134 200 112 12 181 169 16 2 122 54 197 153 153 189 175 17 19 112 88 83 74 111 104 105 112 67 162 123 112 27 20 46 177 82 8 157 0 24 110 122 78 106 25 182 44 150 149 63 61 188 96 85 98 200 190 10 16 101 83 129 128 103 175 104 135 183 61 135
0
1
2
3
4
5
6
7
8
9
10
11
12
13
14
15
16
17
18
19
20
21
22
23
24
25
26
27
28
29
30
31
32
33
34
35
36
37
38
39
40
41
42
43
44
45
46
47
48
49
50
51
52
53
54
55
56
57
58
59
60
61
62
63
64
65
66
67
68
69
70
71
72
73
74
75
76
77
78
79
80
81
82
83
84
85
86
87
88
89
90
91
92
93
94
95
96
97
98
99
100
101
102
103
104
105
106
107
108
109
110
111
112
113
114
115
116
117
118
119
120
121
122
123
124
125
126
127
128
129
130
131
132
133
134
135
136
137
138
139
140
141
142
143
144
145
146
147
148
149
150
151
152
153
154
155
156
157
158
159
160
161
162
163
164
165
166
167
168
169
170
171
172
173
174
175
176
177
178
179
180
181
182
183
184
185
186
187
188
189
190
191
192
193
194
195
196
197
198
199
