200 200
26 50 53 196 150 96 168 49 75 170 17 48 143 56 149 80 115 90 138 4 32 43 64 128 98 194 47 164 5 137 187 182 137 191 127 86 86 94 135 111 64 103 110 6 159 58 86 73 98 24 77 81 17 141 8 65 84 5 28 39 92 166 20 28 156 147 114 192 41 200 52 55 102 162 61 60 19 97 83 118 71 160 149 38 50 107 103 84 112 82 123 3 198 143 182 103 39 95 94 30 44 96 85 146 58 96 156 27 194 38 145 14 148 43 53 148 150 156 31 61 188 154 14 185 46 196 87 36 41 131 66 85 27 152 182 85 47 87 112 191 76 7 5 23 0 8 122 151 114 153 162 102 57 177 86 103 122 124 139 163 54 156 199 31 57 130 66 104 16 129 45 42 86 0 16 86 8 138 36 122 90 199 23 97 125 60 0 46 134 89 160 138 195 108 170 51 37 35 106 3
0
1
2
3
4
5
6
7
8
9
10
11
12
13
14
15
16
17
18
19
20
21
22
23
24
25
26
27
28
29
30
31
32
33
34
35
36
37
38
39
40
41
42
43
44
45
46
47
48
49
50
51
52
53
54
55
56
57
58
59
60
61
62
63
64
65
66
67
68
69
70
71
72
73
74
75
76
77
78
79
80
81
82
83
84
85
86
87
88
89
90
91
92
93
94
95
96
97
98
99
100
101
102
103
104
105
106
107
108
109
110
111
112
113
114
115
116
117
118
119
120
121
122
123
124
125
126
127
128
129
130
131
132
133
134
135
136
137
138
139
140
141
142
143
144
145
146
147
148
149
150
151
152
153
154
155
156
157
158
159
160
161
162
163
164
165
166
167
168
169
170
171
172
173
174
175
176
177
178
179
180
181
182
183
184
185
186
187
188
189
190
191
192
193
194
195
196
197
198
199
