200 200
24 26 95 117 189 19 176 196 83 83 200 54 57 189 45 136 148 125 141 121 156 158 186 102 3 47 144 13 61 151 182 35 127 26 152 115 196 77 60 79 161 10 83 17 199 128 104 146 2 44 16 159 1 2 60 155 200 3 119 10 104 50 196 30 77 147 96 22 174 106 101 134 116 134 102 114 62 156 60 64 200 76 22 151 28 82 56 178 35 175 188 89 24 183 70 51 79 166 24 53 71 125 137 138 59 189 51 71 144 61 135 93 88 108 44 116 140 100 44 126 24 31 14 199 165 84 50 194 200 74 197 21 149 134 159 158 72 9 179 16 71 64 109 159 172 103 24 61 2 68 187 26 50 1 25 14 85 25 158 85 49 155 56 148 88 14 56 110 23 34 126 44 98 186 153 19 88 128 81 41 146 67 17 196 18 193 160 104 168 118 139 16 72 195 115 110 159 121 19 182
0
1
2
3
4
5
6
7
8
9
10
11
12
13
14
15
16
17
18
19
20
21
22
23
24
25
26
27
28
29
30
31
32
33
34
35
36
37
38
39
40
41
42
43
44
45
46
47
48
49
50
51
52
53
54
55
56
57
58
59
60
61
62
63
64
65
66
67
68
69
70
71
72
73
74
75
76
77
78
79
80
81
82
83
84
85
86
87
88
89
90
91
92
93
94
95
96
97
98
99
100
101
102
103
104
105
106
107
108
109
110
111
112
113
114
115
116
117
118
119
120
121
122
123
124
125
126
127
128
129
130
131
132
133
134
135
136
137
138
139
140
141
142
143
144
145
146
147
148
149
150
151
152
153
154
155
156
157
158
159
160
161
162
163
164
165
166
167
168
169
170
171
172
173
174
175
176
177
178
179
180
181
182
183
184
185
186
187
188
189
190
191
192
193
194
195
196
197
198
199
