200 200
20 174 56 103 65 130 165 177 105 109 199 59 35 60 11 27 173 168 128 136 44 156 146 157 19 155 170 5 94 30 198 114 154 3 168 18 84 132 195 189 191 143 47 177 2 9 3 176 127 131 61 171 37 6 78 6 111 47 163 4 27 110 119 182 113 36 150 197 168 95 136 159 37 133 135 191 142 138 116 69 19 177 190 6 184 17 163 94 15 125 99 42 185 168 174 98 3 124 44 121 18 180 29 5 113 164 196 4 52 111 23 21 88 13 178 21 30 140 65 196 15 114 38 200 31 11 47 185 85 92 106 53 21 135 59 84 49 4 39 51 116 62 22 154 25 200 125 6 139 140 1 104 54 39 54 35 1 101 20 36 143 76 90 165 161 99 199 9 103 37 10 169 50 32 72 75 31 197 81 121 137 33 24 141 72 28 176 23 130 146 10 72 21 100 187 183 149 136 142 51
0
1
2
3
4
5
6
7
8
9
10
11
12
13
14
15
16
17
18
19
20
21
22
23
24
25
26
27
28
29
30
31
32
33
34
35
36
37
38
39
40
41
42
43
44
45
46
47
48
49
50
51
52
53
54
55
56
57
58
59
60
61
62
63
64
65
66
67
68
69
70
71
72
73
74
75
76
77
78
79
80
81
82
83
84
85
86
87
88
89
90
91
92
93
94
95
96
97
98
99
100
101
102
103
104
105
106
107
108
109
110
111
112
113
114
115
116
117
118
119
120
121
122
123
124
125
126
127
128
129
130
131
132
133
134
135
136
137
138
139
140
141
142
143
144
145
146
147
148
149
150
151
152
153
154
155
156
157
158
159
160
161
162
163
164
165
166
167
168
169
170
171
172
173
174
175
176
177
178
179
180
181
182
183
184
185
186
187
188
189
190
191
192
193
194
195
196
197
198
199
