200 200
135 106 89 141 85 53 41 167 89 50 143 80 131 166 73 29 155 192 90 180 161 91 41 104 47 128 198 115 87 172 9 22 27 98 113 62 101 104 28 140 154 171 19 85 87 43 64 192 34 155 172 195 196 12 49 42 91 46 158 128 168 117 100 195 165 12 6 65 116 35 4 20 5 175 105 42 17 169 34 1 73 5 196 69 168 44 111 58 40 18 137 158 135 36 102 99 49 109 114 115 144 119 135 99 43 190 142 10 159 176 11 182 131 157 50 98 1 112 107 192 130 43 150 65 79 1 114 78 110 179 194 53 47 78 103 90 68 44 100 177 170 61 158 100 17 8 198 18 120 54 161 200 97 60 64 127 61 129 155 172 107 98 175 104 177 77 194 195 71 43 171 40 104 128 140 121 86 88 90 156 92 0 156 140 10 170 16 71 48 171 193 105 19 118 8 146 195 152 140 16
0
1
2
3
4
5
6
7
8
9
10
11
12
13
14
15
16
17
18
19
20
21
22
23
24
25
26
27
28
29
30
31
32
33
34
35
36
37
38
39
40
41
42
43
44
45
46
47
48
49
50
51
52
53
54
55
56
57
58
59
60
61
62
63
64
65
66
67
68
69
70
71
72
73
74
75
76
77
78
79
80
81
82
83
84
85
86
87
88
89
90
91
92
93
94
95
96
97
98
99
100
101
102
103
104
105
106
107
108
109
110
111
112
113
114
115
116
117
118
119
120
121
122
123
124
125
126
127
128
129
130
131
132
133
134
135
136
137
138
139
140
141
142
143
144
145
146
147
148
149
150
151
152
153
154
155
156
157
158
159
160
161
162
163
164
165
166
167
168
169
170
171
172
173
174
175
176
177
178
179
180
181
182
183
184
185
186
187
188
189
190
191
192
193
194
195
196
197
198
199
