200 200
182 72 184 32 158 81 110 0 55 170 124 166 26 118 55 152 47 113 117 68 10 63 67 101 171 4 107 172 95 116 175 26 138 158 9 95 190 69 45 44 190 169 9 166 36 15 67 33 128 185 52 88 198 69 189 118 23 46 89 119 162 14 95 99 172 54 194 161 124 189 156 113 107 115 28 143 130 95 127 8 29 179 46 27 47 35 145 70 31 185 139 193 199 34 41 120 88 185 31 162 173 187 24 79 101 52 172 182 148 98 190 177 26 186 154 73 20 49 94 51 33 32 194 182 16 34 101 55 18 132 167 191 68 192 19 170 194 192 101 91 89 40 68 116 25 172 139 46 20 32 47 3 15 192 185 182 25 36 187 195 118 154 185 137 95 155 106 88 146 157 180 185 197 198 50 21 119 190 17 140 172 15 93 137 6 28 69 31 64 55 25 132 159 161 68 53 115 124 92 10
0
1
2
3
4
5
6
7
8
9
10
11
12
13
14
15
16
17
18
19
20
21
22
23
24
25
26
27
28
29
30
31
32
33
34
35
36
37
38
39
40
41
42
43
44
45
46
47
48
49
50
51
52
53
54
55
56
57
58
59
60
61
62
63
64
65
66
67
68
69
70
71
72
73
74
75
76
77
78
79
80
81
82
83
84
85
86
87
88
89
90
91
92
93
94
95
96
97
98
99
100
101
102
103
104
105
106
107
108
109
110
111
112
113
114
115
116
117
118
119
120
121
122
123
124
125
126
127
128
129
130
131
132
133
134
135
136
137
138
139
140
141
142
143
144
145
146
147
148
149
150
151
152
153
154
155
156
157
158
159
160
161
162
163
164
165
166
167
168
169
170
171
172
173
174
175
176
177
178
179
180
181
182
183
184
185
186
187
188
189
190
191
192
193
194
195
196
197
198
199
