200 200
148 136 146 136 183 35 129 67 167 27 118 26 71 180 65 70 170 52 191 26 64 139 96 193 187 104 92 155 95 125 4 193 60 100 128 42 135 7 59 52 34 178 78 56 107 93 76 76 145 67 102 9 5 148 152 142 1 43 46 96 168 0 89 178 101 16 20 186 174 79 188 8 6 65 14 113 108 90 139 53 107 191 12 63 89 164 155 90 157 152 187 74 152 75 51 2 41 71 139 15 101 76 174 57 142 138 171 49 27 59 52 85 50 64 98 139 178 52 28 84 3 165 158 106 39 9 58 31 30 147 46 81 23 170 139 115 107 59 164 84 118 167 169 118 181 66 6 159 69 186 42 72 150 151 128 140 110 187 171 90 83 167 172 106 136 60 20 193 119 135 76 187 101 196 55 81 11 61 190 80 46 183 103 147 133 30 86 42 167 56 82 50 173 53 156 58 63 127 50 132
0
1
2
3
4
5
6
7
8
9
10
11
12
13
14
15
16
17
18
19
20
21
22
23
24
25
26
27
28
29
30
31
32
33
34
35
36
37
38
39
40
41
42
43
44
45
46
47
48
49
50
51
52
53
54
55
56
57
58
59
60
61
62
63
64
65
66
67
68
69
70
71
72
73
74
75
76
77
78
79
80
81
82
83
84
85
86
87
88
89
90
91
92
93
94
95
96
97
98
99
100
101
102
103
104
105
106
107
108
109
110
111
112
113
114
115
116
117
118
119
120
121
122
123
124
125
126
127
128
129
130
131
132
133
134
135
136
137
138
139
140
141
142
143
144
145
146
147
148
149
150
151
152
153
154
155
156
157
158
159
160
161
162
163
164
165
166
167
168
169
170
171
172
173
174
175
176
177
178
179
180
181
182
183
184
185
186
187
188
189
190
191
192
193
194
195
196
197
198
199
