200 200
63 197 38 192 166 74 100 90 173 138 113 62 109 121 199 91 22 76 20 160 59 74 81 125 131 106 68 63 7 148 172 20 145 9 11 60 84 62 150 6 200 12 69 108 133 67 149 106 93 170 65 153 194 96 27 124 152 45 138 110 193 109 130 87 118 92 148 152 154 47 159 103 60 178 161 143 195 110 48 87 29 63 190 22 110 167 96 61 162 33 121 155 92 51 192 161 93 139 112 197 137 20 99 197 198 9 89 142 119 88 29 98 151 169 120 10 86 167 22 47 150 143 152 42 144 144 2 36 32 64 32 169 85 81 115 32 91 4 175 160 92 154 58 193 72 128 154 158 94 176 156 44 68 107 36 163 0 189 199 184 52 182 102 87 62 17 120 103 172 44 63 63 198 121 5 19 199 159 128 43 84 83 87 103 140 73 65 141 61 13 74 113 195 176 0 7 193 70 110 114
64
173
177
61
43
133
30
193
41
158
35
126
40
72
28
181
145
43
71
5
56
145
68
51
120
18
8
63
88
118
177
152
41
104
163
34
187
144
177
27
101
11
103
142
83
81
72
27
124
93
183
181
37
51
182
107
69
190
170
108
57
97
9
48
151
173
83
137
66
59
164
167
21
67
58
104
148
130
82
72
173
64
2
9
115
184
67
185
123
187
42
180
83
51
28
33
174
61
170
39
70
84
6
91
151
64
146
48
145
27
120
67
41
72
77
157
55
94
91
128
80
133
108
164
134
86
147
108
97
67
147
167
151
103
58
51
118
154
99
12
181
170
79
21
41
106
128
47
200
169
175
80
101
32
194
35
118
90
93
165
157
39
132
57
143
140
108
60
93
158
72
23
127
151
195
118
57
123
165
56
91
90
86
143
122
79
128
191
170
20
155
76
59
36
84
152
176
142
162
68
