200 200
47 71 76 126 81 11 177 200 139 92 92 7 167 83 105 16 84 133 99 15 72 64 12 143 130 2 129 163 131 1 159 129 73 185 54 154 196 181 103 135 72 195 142 190 77 197 5 161 79 54 126 101 69 139 195 149 91 123 111 173 125 20 101 198 4 105 101 0 86 3 85 108 199 177 97 25 173 52 137 51 107 62 103 126 0 97 74 92 19 135 64 94 105 115 41 60 170 142 10 5 146 95 114 94 71 10 119 43 63 55 44 120 118 147 45 68 194 69 160 13 154 174 57 59 38 99 119 8 40 129 164 136 23 77 29 44 88 149 37 151 3 81 20 71 179 65 140 172 84 49 135 37 174 143 46 11 41 165 170 31 43 134 168 66 161 197 60 48 145 97 149 99 179 169 170 107 184 109 28 67 109 114 55 82 56 101 43 47 16 164 78 59 47 45 76 7 42 136 56 137
33
155
35
162
124
5
18
107
64
46
125
173
110
180
4
116
30
48
163
46
162
192
106
8
36
132
15
28
67
21
166
50
177
151
11
100
106
29
157
171
26
31
93
86
161
48
2
192
96
115
188
57
106
43
15
93
175
30
71
42
2
187
92
179
138
54
28
43
33
135
164
59
167
7
96
77
55
48
18
101
163
6
108
19
49
123
62
175
103
133
167
105
70
58
83
7
62
61
0
96
197
165
105
113
122
0
190
177
48
8
77
162
165
135
131
13
57
193
138
160
75
104
65
145
113
98
102
175
160
103
70
106
17
126
18
139
126
158
65
125
166
92
36
80
26
167
94
83
109
31
193
184
86
7
79
199
106
181
173
15
83
194
121
50
119
89
139
195
197
3
69
113
45
105
193
71
71
36
104
180
18
47
114
104
54
193
102
160
173
74
125
6
67
196
56
136
84
146
131
31
