200 200
0 1 2 3 4 5 6 7 8 9 10 11 12 13 14 15 16 17 18 19 20 21 22 23 24 25 26 27 28 29 30 31 32 33 34 35 36 37 38 39 40 41 42 43 44 45 46 47 48 49 50 51 52 53 54 55 56 57 58 59 60 61 62 63 64 65 66 67 68 69 70 71 72 73 74 75 76 77 78 79 80 81 82 83 84 85 86 87 88 89 90 91 92 93 94 95 96 97 98 99 100 101 102 103 104 105 106 107 108 109 110 111 112 113 114 115 116 117 118 119 120 121 122 123 124 125 126 127 128 129 130 131 132 133 134 135 136 137 138 139 140 141 142 143 144 145 146 147 148 149 150 151 152 153 154 155 156 157 158 159 160 161 162 163 164 165 166 167 168 169 170 171 172 173 174 175 176 177 178 179 180 181 182 183 184 185 186 187 188 189 190 191 192 193 194 195 196 197 198 199
187
132
162
80
142
120
28
8
3
71
102
126
13
80
26
51
105
156
110
191
22
151
95
16
142
12
137
9
147
52
109
83
184
20
164
75
140
142
34
93
164
136
18
177
166
44
179
21
150
88
11
173
190
107
139
131
119
75
90
15
77
199
98
10
18
11
86
109
154
70
1
117
5
20
43
121
14
21
142
165
110
154
87
49
10
25
180
79
50
19
94
78
168
142
88
186
104
124
44
57
194
46
124
149
16
167
20
30
139
112
145
48
65
31
97
25
6
26
104
7
196
198
35
163
90
123
98
194
198
143
0
141
189
124
40
155
40
60
135
179
172
80
177
188
61
23
163
18
49
67
176
44
14
10
157
104
83
55
97
30
198
97
172
136
171
162
40
162
21
175
90
143
4
67
80
66
90
43
34
90
60
9
84
74
19
41
129
52
46
25
83
194
73
54
79
194
15
119
155
187
