188
133
163
81
143
121
29
9
4
72
103
127
14
81
27
52
106
157
111
192
23
152
96
17
143
13
138
10
148
53
110
84
185
21
165
76
141
143
35
94
165
137
19
178
167
45
180
22
151
89
12
174
191
108
140
132
120
76
91
16
78
200
99
11
19
12
87
110
155
71
2
118
6
21
44
122
15
22
143
166
111
155
88
50
11
26
181
80
51
20
95
79
169
143
89
187
105
125
45
58
195
47
125
150
17
168
21
31
140
113
146
49
66
32
98
26
7
27
105
8
197
199
36
164
91
124
99
195
199
144
1
142
190
125
41
156
41
61
136
180
173
81
178
189
62
24
164
19
50
68
177
45
15
11
158
105
84
56
98
31
199
98
173
137
172
163
41
163
22
176
91
144
5
68
81
67
91
44
35
91
61
10
85
75
20
42
130
53
47
26
84
195
74
55
80
195
16
120
156
188
