200
199
200
196
198
198
199
200
200
196
196
200
198
196
198
198
200
196
200
200
198
196
199
196
198
196
196
196
200
1
198
198
198
198
198
198
200
196
196
196
196
200
196
196
200
196
199
200
196
198
199
198
196
196
198
199
200
198
200
199
196
196
200
196
196
198
198
200
196
198
200
196
196
200
196
196
200
200
200
200
200
196
196
185
200
196
200
200
199
196
198
198
200
196
198
196
198
200
200
199
200
200
200
196
198
200
200
200
196
200
200
200
199
200
200
199
200
196
196
196
196
199
198
200
198
198
196
200
196
200
196
200
198
199
200
199
196
200
198
198
198
200
196
200
199
200
-1
196
200
196
196
199
198
196
199
200
200
200
198
200
198
200
199
200
196
196
200
198
55
196
199
196
200
198
200
196
196
200
198
199
200
196
196
196
198
200
200
196
196
196
199
198
200
200
200
200
196
199
198
196
