200 200
123 53 113 2 150 189 105 187 31 34 186 167 48 87 67 195 55 93 9 35 130 193 163 155 178 49 16 197 109 80 171 156 13 172 184 183 42 180 45 191 75 151 188 169 85 198 1 15 66 81 72 8 98 36 144 20 43 47 142 124 168 119 129 33 157 192 174 149 112 127 146 165 46 82 116 96 134 159 138 54 164 92 73 148 21 57 141 118 154 25 12 89 153 17 30 101 63 38 173 32 0 145 99 122 26 44 78 94 103 52 179 194 125 59 110 14 106 181 29 6 77 79 22 177 56 147 114 100 175 90 115 139 160 135 10 136 199 176 166 143 39 108 152 7 71 51 133 91 18 190 24 86 170 19 70 126 37 4 88 65 11 196 185 104 23 62 137 61 121 120 140 28 50 84 182 107 162 117 41 58 69 95 132 131 128 64 158 3 74 111 76 161 102 68 40 27 83 60 5 97
151
102
189
23
85
65
120
132
128
48
23
198
62
33
54
88
199
34
154
179
67
18
108
52
86
33
11
20
172
0
85
72
53
74
96
88
139
15
19
16
14
193
13
26
176
17
114
174
52
67
102
69
35
9
71
121
194
82
142
115
33
26
188
36
50
83
74
139
48
93
155
12
35
168
38
10
186
152
134
188
169
36
6
4
196
27
125
139
110
16
54
93
194
41
79
43
74
153
183
122
196
137
135
30
55
123
191
191
25
124
128
194
110
134
148
106
161
23
44
20
39
98
63
183
89
92
26
163
44
159
35
190
95
120
170
100
42
160
90
67
84
168
11
144
101
159
200
12
132
44
32
122
92
46
104
182
138
130
94
133
88
129
122
134
48
42
184
91
1
24
108
35
192
69
180
43
28
179
55
110
173
37
31
15
83
136
147
21
15
40
104
54
170
176
138
168
17
121
58
19
