100 3
1 425467406
2 786120131
3 1487795
3 791858046
2 108887410
4 329871852
5 223749041
7 452538545
7 955611613
5 967672534
2 100160305
11 957933714
13 780045651
5 492124786
3 941166633
7 150464452
3 991288561
7 709129115
4 812047761
15 90021164
1 408805968
11 387208535
8 316498043
9 699104604
4 399030491
25 926904431
9 979865548
10 717054374
14 329670066
6 458486344
5 186846722
23 757754385
22 151116224
2 837599439
34 964300
1 958938021
3 715449232
37 534639051
5 526137289
16 638193718
8 902786453
28 580350902
5 620941667
43 478634730
3 692636029
23 931619200
27 778178447
5 661786972
45 85452009
21 553630076
49 939358280
48 909075946
30 574031012
6 47927772
47 401590237
21 269321273
14 189699415
24 776325302
14 70601700
24 990650546
38 274945550
38 62246790
62 803108415
64 734490882
27 546122028
35 723316588
10 593699931
4 109888156
68 104389112
46 875579351
39 396035013
6 11805416
3 872342260
2 660170560
38 158749374
15 254825
27 680139744
41 533199646
30 40633169
56 935549211
21 267080740
73 700690997
31 559791892
70 508158486
65 979293286
34 638063889
68 509409175
37 625890276
87 232772523
23 640841254
10 693092438
67 700032784
88 862673086
94 940206059
19 897248144
94 574070588
23 145681822
91 851507185
50 257311006
