100 100
1 958198149
2 271196668
3 686675062
3 622952357
1 116038330
4 752805207
4 290159848
8 947340421
7 275572651
3 294817353
8 731495382
6 650648701
7 937964537
12 254616658
3 774228948
16 548020018
9 34514419
9 758769075
18 23745892
13 631805883
11 637864959
16 689999611
8 717772456
16 765076466
23 169153824
25 601345631
11 354844112
4 260168330
10 19065951
30 975010749
21 635443081
7 683168383
15 297777896
30 423356978
32 476829810
26 296252909
12 216122900
6 927538375
26 691849969
31 243026026
37 274293099
22 548637048
27 443142432
41 750856199
25 470094951
1 758966350
27 777343805
46 423167225
27 412761756
9 499892177
4 239876342
7 775026346
33 968607908
38 77925896
20 45446346
29 487124744
32 901402298
25 124797466
49 657553848
17 254664960
49 640261933
60 484362538
8 925041810
20 839092580
15 544820363
10 464560771
41 752969880
38 199666469
63 576680409
66 81524997
70 875639173
18 733054789
6 975775483
49 6147324
28 358200856
72 146195616
77 514692258
39 849991038
6 437527161
57 894609998
46 809318195
53 182613423
9 239321746
25 702971752
59 457834522
80 3878353
20 849813917
63 503274642
66 348497979
54 387094417
52 680192997
67 370227028
61 2876618
48 57659591
6 245237400
93 423466796
63 214274276
22 189201232
31 771868834
