100 3
1 396703341
2 228359910
2 406558044
2 521028652
5 19360031
6 545345175
4 912439256
4 149198179
6 267654661
9 401026166
9 794490164
6 571645638
5 268643436
3 174744498
6 94366645
5 305517084
5 661920448
7 217726598
10 533850566
19 660070053
9 921555830
1 138321262
15 772584669
23 464140123
4 835758085
13 326581608
27 117469422
16 817226753
1 196984453
16 922767911
1 876532035
10 67808147
23 194103781
3 340110126
33 599485358
2 554008608
37 338477115
22 71598281
31 331689323
38 729631148
6 974210333
25 102688684
18 835170024
21 656203985
21 295365347
46 990572749
10 569877350
34 11898552
9 31279136
6 682039078
15 214976632
37 559403186
49 391446983
46 683354913
45 730672977
39 490564495
23 181824232
17 44150415
22 536825701
18 554928793
47 596861396
32 682041890
21 66948031
62 820625199
44 594020605
44 515646081
36 800847512
51 848313576
29 82943031
53 895344870
32 774091542
44 797338532
25 150984419
31 560988845
64 986697623
74 734008539
16 822492753
8 646057217
70 18672165
76 934189755
70 183030043
23 822418931
13 245429749
41 885446111
14 186466495
7 119176635
68 552485768
85 230504627
85 647695467
48 819573031
67 129403274
45 613624019
32 399160992
66 668012883
36 977126211
94 400403493
92 743967132
32 534833746
80 25170805
