100 100
1 929434085
1 8403739
1 796778019
3 942057547
2 100139878
1 263245822
3 610253843
4 12596274
6 587615700
5 433203695
1 720792531
1 969393334
12 426562322
2 937236371
14 296025180
14 703072650
10 705146307
18 267366559
18 376952478
13 201854771
15 782018601
6 146145047
16 468826373
21 161515765
23 310914125
25 1022807
8 492447987
14 360340709
27 886380339
26 807888535
17 956532174
26 698254855
24 340765453
5 220834957
20 443947087
28 227759986
15 839150784
3 464497604
30 571030932
36 998026968
31 50749688
15 776007539
12 362403496
19 854796526
43 72824269
45 744290972
26 569042707
27 68246096
42 358588883
10 333333887
22 515494695
48 130386294
22 449587391
50 418385745
47 669496379
39 708367965
15 524930894
30 97655288
48 197406776
10 818943207
1 962177779
49 809190346
30 852444939
17 925226897
31 887686232
19 256890265
34 960117461
2 233059180
13 555234328
49 764854028
63 958728409
56 182151414
68 885821423
48 906965610
54 186149103
54 248545549
66 25641487
28 962848609
18 415566158
61 188217833
73 725267498
8 304341357
74 924959604
76 80259376
8 959975024
69 484991100
36 892890511
63 402856285
63 689791995
51 492197265
59 747907614
68 578785555
9 539364524
37 490499124
47 661551955
30 659865119
89 181155805
62 577560501
53 244761341
