100 3
1 912998347
1 103630294
2 523206578
2 985944440
3 18750411
3 357662034
4 425319554
4 306085495
5 653899168
5 750970169
6 806367752
6 174257107
7 182334419
7 211119596
8 978613739
8 88524947
9 487713611
9 211954312
10 336290782
10 448406547
11 889208614
11 380261322
12 488203844
12 384607653
13 376847702
13 603718057
14 74063879
14 172838791
15 292633339
15 437869129
16 623026134
16 138729391
17 16776103
17 772317137
18 270304588
18 955646802
19 287469780
19 351661517
20 783460748
20 367442702
21 381905394
21 110056094
22 48239688
22 248444616
23 927161966
23 900834862
24 57628763
24 344325673
25 702408093
25 969214113
26 764527201
26 494549992
27 306136811
27 346155662
28 579875027
28 448666423
29 357795499
29 488968495
30 570295862
30 285003423
31 885399164
31 490839217
32 48958455
32 462212159
33 691321118
33 94698468
34 304465842
34 565664817
35 118064004
35 614109507
36 330914700
36 834226690
37 460755599
37 444125327
38 491775161
38 305519953
39 879544457
39 404886555
40 348567726
40 460982468
41 944492316
41 856750333
42 370201415
42 308768333
43 262843897
43 91866365
44 23858186
44 664876487
45 196762740
45 930155113
46 226324483
46 364592508
47 894173298
47 252071749
48 369148281
48 339150771
49 543618348
49 326561222
50 6115583
