100 100
1 146040237
1 562732110
2 817603170
2 471020977
3 63813082
3 42849301
4 797132947
4 800743318
5 322640761
5 831750017
6 560025622
6 892157755
7 346956340
7 982563112
8 451300031
8 583326823
9 936437732
9 163319131
10 211155346
10 849180296
11 226078285
11 11596397
12 747623760
12 487388057
13 637534920
13 466669651
14 622256544
14 935330664
15 33726989
15 975964153
16 313699522
16 536284957
17 509111893
17 889171924
18 645856427
18 5286761
19 731540967
19 563359648
20 372320312
20 614260129
21 512429916
21 970518866
22 983851227
22 887672181
23 323890078
23 302109275
24 173166761
24 41701315
25 129101134
25 444370154
26 524281341
26 463958484
27 553710806
27 721134227
28 953234644
28 991780380
29 840365088
29 546960600
30 418442349
30 170124047
31 48456441
31 644468283
32 143835906
32 387626157
33 379934820
33 241360140
34 997761613
34 446389648
35 118768405
35 89975016
36 130969884
36 876574288
37 729513387
37 944798996
38 82632378
38 698419276
39 423461618
39 865566527
40 37662142
40 65814776
41 929713275
41 564693468
42 702996690
42 613490968
43 462089912
43 619099839
44 669557883
44 863469029
45 662362134
45 707614035
46 5082373
46 191939658
47 645895069
47 251237106
48 168901058
48 731934805
49 636389479
49 358903676
50 492752511
