100 100
1 640365932
1 945927707
1 429366275
1 334408797
1 853280822
1 399023540
1 775371356
1 314970767
1 366556506
1 178865483
1 177141338
2 662914083
2 920638649
2 379999083
2 171901402
2 177844028
2 247745818
2 714629123
2 105448230
2 34947018
2 952813320
3 996730123
3 249609310
3 250498485
3 874008230
3 658938277
3 176485880
3 911011960
3 225809551
3 136230160
4 316281326
4 450920968
4 452275430
4 448862136
4 536043030
4 956837157
4 751813567
4 808006113
5 889717922
5 596714376
5 881257976
5 303172771
5 748125810
5 453940970
5 12684742
6 886446095
6 942023
6 391955093
6 928010931
6 88182702
6 583774132
7 695167556
7 275601050
7 128893538
7 835265838
7 18359720
8 507725407
8 706259030
8 927115149
8 406706542
9 600985372
9 874831850
9 652501822
10 797116640
10 732665323
11 479909675
12 260807945
12 174455026
12 432108336
12 366683734
12 516846489
12 751862957
12 992241864
12 673475091
12 375031605
12 100703958
12 786476633
12 744315794
12 232613564
12 257199745
12 827555520
12 813624640
12 509604075
12 341908398
12 634605440
12 384991829
12 426833994
12 49710785
12 76315993
12 535067703
12 504409753
12 256316747
12 18470837
12 356534188
12 33650941
12 114331312
12 749930712
12 600012889
12 411883693
