100 5
1 46686254
2 658952082
3 513201232
4 301151638
5 497714341
6 714485798
7 768735626
8 399905835
9 741526873
10 175868618
11 371339359
12 423883220
13 908271094
14 300889709
15 169253144
16 682708243
17 172492151
18 275306909
19 485623334
20 806866297
21 55602696
22 63031472
23 261816178
24 301680299
25 507160407
26 981204938
27 137754141
28 94470278
29 189496315
30 624333601
31 307888339
32 731521151
33 301715318
34 685666610
35 172420390
36 673554053
37 65863112
38 278719286
39 766501309
40 465617655
41 256036917
42 75240445
43 252689854
44 958726397
45 802886621
46 614217076
47 71232878
48 830060651
49 207032625
50 214719757
51 66488751
52 187391135
53 133418562
54 54463566
55 791991594
56 716293374
57 922325248
58 795589417
59 102223409
60 202475401
61 447540753
62 358005027
63 559021082
64 805802804
65 750138231
66 796641353
67 542300290
68 129463609
69 103041469
70 871432680
71 483723323
72 848909059
73 665576189
74 757717219
75 491758518
76 105588196
77 407965741
78 265966292
79 614935968
80 822275639
81 339976906
82 650417875
83 561460575
84 513360386
85 401684093
86 130845976
87 362819747
88 276886773
89 842958559
90 557825699
91 266764159
92 415024543
93 553404768
94 277074656
95 900132311
96 7788260
97 704972338
98 448674835
99 882283841
