100 100
1 172137474
2 357887368
3 394416630
4 460589546
5 666503285
6 645094823
7 39358145
8 100027610
9 616302569
10 910475622
11 286807018
12 923229796
13 150582945
14 678679424
15 286878940
16 748574578
17 574072993
18 995365263
19 413790663
20 745890911
21 283510459
22 287533989
23 291945456
24 768493208
25 617414323
26 994012898
27 71412486
28 204073544
29 822060237
30 816169133
31 158718852
32 284133275
33 502404510
34 632887754
35 958779730
36 326161140
37 451967916
38 625817064
39 240526928
40 9119733
41 933026452
42 491673036
43 179747727
44 195468103
45 89632641
46 719728996
47 939646950
48 272140643
49 299428093
50 221638730
51 164600972
52 863135941
53 23715912
54 767645195
55 831010867
56 986235880
57 217207713
58 661806583
59 910149744
60 768942055
61 179715630
62 857735251
63 804088226
64 486487942
65 968925028
66 675471654
67 689074926
68 694977009
69 105803009
70 717744372
71 313486819
72 32081038
73 775473331
74 779123303
75 825005990
76 39658337
77 465342456
78 817513025
79 307639020
80 988551066
81 141116436
82 327568420
83 564807146
84 884424535
85 256448184
86 641688172
87 198259058
88 58383288
89 771169463
90 506293957
91 691188476
92 703965434
93 898629718
94 38728587
95 44289548
96 483052729
97 712836290
98 895294975
99 864264958
