100 3
1 249528762
2 532083579
2 360037686
2 733097538
3 729630370
3 837382618
3 267968031
3 759022852
3 197307037
4 929902132
4 569185899
4 170677569
4 584501541
4 984577885
4 297766405
4 824503251
5 746643338
5 914671166
5 257333949
5 129689983
5 982370636
5 652035489
5 33392488
5 888740236
5 805165907
6 466135923
6 81709939
6 439675965
6 340780783
6 326609301
6 310482990
6 351193797
6 765230508
6 700058583
6 5964591
6 940812455
7 371614590
7 600526103
7 739668811
7 511144153
7 444204988
7 114677821
7 970725398
7 297767673
7 359787012
7 783141266
7 541475514
7 454950551
7 317781142
8 658600353
8 27142870
8 283034196
8 155660559
8 252756651
8 863461696
8 369528885
8 402651233
8 600831228
8 381474341
8 614653163
8 931825100
8 318413366
8 860797180
8 586881736
9 138665344
9 429404669
9 129078843
9 671210650
9 147389503
9 182874083
9 646508454
9 48613159
9 921350792
9 384097846
9 52719376
9 585713394
9 263854629
9 651368649
9 62166279
9 156539273
9 764423686
10 207197992
10 950778454
10 417185329
10 679044913
10 666118333
10 618951719
10 499867030
10 295390830
10 953559384
10 467805528
10 324266971
10 100695755
10 943095994
10 918738888
10 48924695
10 214374517
10 158234605
10 756380367
