100 5
1 283490505
2 70911743
2 551880515
2 58736167
3 605904097
3 960557081
3 369158904
3 553558898
3 696305643
4 907478756
4 817441528
4 389231641
4 506811609
4 304602758
4 652826902
4 622035011
5 867415545
5 924639268
5 162561986
5 517810189
5 386299835
5 58868047
5 894086908
5 114642313
5 250566500
6 316279557
6 32680747
6 387531862
6 80714292
6 672868793
6 445293157
6 564733458
6 351844398
6 869692227
6 595157091
6 42878036
7 134613682
7 96530237
7 190939243
7 172990304
7 602772684
7 895144490
7 684311772
7 68849749
7 174801811
7 152532686
7 378534025
7 710246201
7 283482496
8 421804713
8 278719372
8 650326811
8 881533425
8 988182515
8 197802039
8 347733044
8 631807553
8 87573458
8 716661785
8 564710914
8 731303720
8 340908429
8 342011267
8 831610595
9 944928738
9 287170623
9 970567271
9 986422081
9 776736144
9 886056829
9 280363653
9 202756068
9 448807657
9 158332722
9 15361830
9 44542575
9 86831564
9 339163524
9 689961424
9 553626959
9 653537822
10 164361654
10 911630938
10 350843815
10 23526837
10 387542319
10 724179395
10 285559276
10 832779320
10 487582756
10 158575589
10 862673230
10 138596357
10 959269056
10 205738209
10 745105897
10 667877915
10 743956921
10 924599689
