100 100
1 35059387
1 331017548
1 6179736
1 660413855
1 824567244
1 1269061
1 17596555
1 909222353
1 28814533
1 626187308
1 830293806
1 693986123
1 724265254
1 371082687
1 302447603
1 384560980
1 590413788
1 546675253
1 381712475
1 300253853
1 420310910
1 641263933
1 498963714
1 900199856
1 853887632
1 817685303
1 289205334
1 884787550
1 14142798
1 681467849
1 866333365
1 903801995
1 740535339
1 192577966
1 775337405
1 572678827
1 135804026
1 165430819
1 757924537
1 991573980
1 670450731
1 897955871
1 238989601
1 688107965
1 852056235
1 599033107
1 472454920
1 548765493
1 393305181
1 201887767
1 634159180
1 725748793
1 745606157
1 765339090
1 81638280
1 12815220
1 179535324
1 821105012
1 418822544
1 595459134
1 732244560
1 793131525
1 312754141
1 895978426
1 616622822
1 250457678
1 952121258
1 423042388
1 492771868
1 625856870
1 625734496
1 612402417
1 38201807
1 212832106
1 117405216
1 515571948
1 123324763
1 696262291
1 576219371
1 516372523
1 333925973
1 281532300
1 371414531
1 244245746
1 502592640
1 112612870
1 619098681
1 876028826
1 185123322
1 333747625
1 854079367
1 136938742
1 976238195
1 807589181
1 204006722
1 160416528
1 457781304
1 431371479
1 78363431
