100 3
1 210246467
2 301518066
2 193556857
3 568217593
2 940581110
3 941433898
6 676981148
2 460489653
5 171013865
3 315456706
2 932136505
9 946817956
4 994841038
1 120389970
5 528344506
6 339458736
6 259748796
8 187330141
2 845172567
9 493598400
9 520960655
1 495440243
10 367478084
6 731575401
7 933816683
8 850679758
1 29112182
6 101140933
2 423693169
10 146202950
9 622405860
3 996372219
10 4390693
2 399276028
10 459582801
7 923901830
10 817806650
4 356594296
2 530117915
10 347924243
2 792565653
5 482039248
6 842075740
10 686108787
6 191078468
8 388644059
5 416989295
10 431321203
7 104376526
6 797172875
6 626736922
10 642266098
5 145093965
2 526238843
7 240448537
4 160117691
6 577390031
3 801426210
4 795790162
1 641830611
6 448644984
5 30889137
5 488346878
7 339896715
7 910068703
1 965872975
6 957698931
9 477899475
10 996511237
4 209050376
6 256187156
6 521103092
10 135581064
5 518541032
10 665495279
9 837755401
3 826891856
3 516326987
5 419697411
3 6134845
2 862225810
10 599784574
9 733790739
6 408784788
8 726853818
5 207049269
2 897191297
3 454300663
2 727507039
4 854180391
1 571705232
5 995867204
1 752952429
10 494666569
1 823680628
8 664337207
10 197180788
1 522787900
2 620718193
