100 100
1 374380991
1 81561894
2 952373052
4 399311904
5 357797446
1 659334544
4 743391956
3 618855040
5 490974904
5 11197746
5 932067800
6 344565651
6 152759923
1 177849134
6 361406821
3 737014303
6 376603583
4 942002810
8 56870698
1 403979337
10 381423426
2 798231319
5 768752498
2 797547262
8 703940015
6 893717178
4 404090746
8 644254891
2 113089053
6 957694646
8 776034927
9 921786217
9 446019657
3 648597079
5 640481019
1 966249427
6 949884099
5 454526328
7 769459523
8 247723843
9 164072299
8 745292686
3 32872723
6 253297548
7 968537391
3 921023918
5 121187360
1 824105237
8 431686273
6 743434976
1 927254985
3 508216499
1 129605445
3 556236968
6 884304648
10 82953870
1 215463984
5 149898374
9 382742309
4 242281514
9 182557585
1 453004885
1 610280274
3 444498414
8 277363257
4 2084450
2 822001588
1 862645080
9 173835240
2 709963315
4 440824023
4 610948684
5 165385360
5 864517796
7 864946760
6 57325119
2 366477079
2 243183795
6 521624111
7 555130216
4 404463264
4 81707001
8 118353301
5 677226983
9 500362346
6 277896442
6 237596039
5 626652321
9 843232495
1 526804625
3 558805791
1 666061448
8 188123252
9 317152810
8 876702593
10 923798833
2 970805951
6 860481947
3 503872240
