100 3
1 253609909
1 59102595
3 144660847
1 58307144
5 672191248
2 570345830
7 344257708
3 694783714
3 746717297
2 26400598
10 927973080
3 464812678
2 329915657
3 413451554
2 871846990
9 804074824
17 148807121
4 261686832
5 662983518
2 906003758
18 709460920
8 605563596
19 200760986
10 611760951
15 435868930
10 313615433
26 594234911
20 732580605
19 715677210
7 508438462
7 531680334
16 685743521
31 494919964
9 624830719
30 105610730
8 277748839
4 554858642
8 590515968
38 603315147
19 79275563
16 675105652
15 983086189
34 393739374
23 694781290
7 752239306
36 541325455
5 99183694
9 95009911
5 31062392
15 40693383
31 482716616
47 914923124
22 191966914
26 335612065
42 648515964
52 367695315
42 436633639
53 342580508
51 825209937
39 20635784
6 149228821
11 920027845
60 565691563
20 518990369
54 27838135
43 233953848
6 958771694
23 914878434
43 935241798
70 693427158
24 111076745
7 374662383
6 999885799
66 972743780
27 697755505
44 261742156
66 667659658
69 70119430
48 392561838
63 206341860
15 364397943
6 352605779
71 906508175
33 74002128
35 539198106
76 882878317
75 254024789
75 396358778
19 162684074
21 604334938
76 765792479
7 595324376
57 68199328
16 118174957
23 584059909
60 3178466
1 265097074
97 891225463
26 514696834
