100 100
1 81307944
2 912775352
1 198444334
2 184368747
4 89407584
2 288246476
1 747105004
4 558181808
3 66678335
8 427174347
9 222871667
2 862560374
9 192867252
10 470910719
1 999876597
2 570226610
5 560629200
16 311326793
12 874681650
4 521417403
20 569923691
9 244791160
9 897002692
17 677732812
13 911024972
22 356652853
12 674246183
14 907098342
16 68636606
9 319930158
26 685309400
32 611157519
27 641581636
22 505555550
29 581476240
1 246467508
19 350499602
27 688447999
20 137624046
33 979075164
4 678016080
9 582776115
29 289569066
21 261970050
29 529698228
27 76385
16 434785540
2 856390164
48 358372138
11 323391974
37 78201970
10 854502453
25 250107322
5 70642897
15 292372074
21 290531494
2 779740301
49 691052672
18 412162083
47 284650198
26 883141424
32 342143593
6 982592251
39 328624775
46 100165397
23 975198032
37 118041642
58 4656746
28 817598511
20 899372804
61 295713612
19 95911755
50 398286313
53 318720544
39 897206987
69 481311875
39 207244881
66 386910822
25 863084758
48 755337231
67 906635399
72 129495498
55 291070737
69 637411615
30 312706635
26 585129270
57 963025752
13 273743144
87 278409530
38 276959172
52 752893038
18 265518620
29 503370152
22 235628490
40 932049166
59 557607383
15 702285748
68 228919509
4 397850882
