100 100
1 419638678
1 670359881
3 444515616
3 338021810
4 821017723
5 548562189
3 119414272
5 423879649
2 347414474
6 843150948
4 218708242
10 380555097
6 896538093
4 469005011
6 974782861
10 329809989
10 744654817
9 344214287
4 397525309
10 228790052
12 758423955
12 354914513
17 361689373
15 557918362
2 44480999
1 819588530
15 902932423
14 538538012
1 360620648
18 387198379
20 594583874
6 931932603
8 542176323
20 731110241
17 596100389
12 600314518
19 456147815
13 627402379
18 842225059
8 415459191
15 560556079
6 493888471
1 841232701
17 270642553
9 459455285
15 447725072
2 116979939
14 520078872
14 653654224
9 861879775
3 302777883
17 537224895
11 296980270
17 880016119
13 700439501
15 129512899
6 344016617
13 305835898
9 810178078
5 327018882
18 583725261
17 231282300
3 764969643
4 212751137
10 217934830
15 243278904
16 824147115
13 441635705
6 756329072
15 88782293
11 150603201
16 244438338
19 262591046
15 772923293
7 634499921
12 536702412
2 48012682
2 235670557
9 130916477
8 660576954
4 745244022
12 177283994
3 758755465
3 934032736
3 493647143
7 260958317
2 614826536
12 847205040
14 344990346
18 27113719
3 946980285
9 570008501
4 892245980
6 522700390
6 987395740
11 854979446
9 65169326
11 228760853
5 586796815
