1459
1876
1210
1299
386
1412
455
1539
1621
1729
514
1407
688
1346
197
1873
174
274
1381
1519
572
423
95
1939
1187
663
1030
167
533
82
1513
145
736
471
1779
1320
138
1888
1292
735
28
158
520
277
770
1549
589
1596
835
1769
467
9
1768
1118
492
333
146
649
1476
1047
1442
393
468
1796
1164
862
976
1889
1696
1814
1714
305
1924
1351
1053
452
977
1821
17
1111
1618
1097
54
1439
1468
1601
1816
553
957
1693
1337
1690
1324
268
1503
812
722
497
1775
1041
900
48
1336
330
1654
422
550
1891
1797
1561
1223
872
919
1574
1529
943
1588
1676
1256
1675
1711
1169
236
171
1380
1522
790
1553
1312
159
991
1593
532
1841
1897
18
1301
1800
1982
530
205
1391
796
469
1122
416
619
414
1078
795
1363
1448
782
883
1472
119
1912
8
1571
1237
1457
1086
1249
1751
433
1394
788
1376
391
448
1933
337
882
475
1449
1123
155
1396
47
16
1158
310
215
1355
1204
917
165
1467
658
1600
291
1068
724
237
425
1766
371
1159
1748
156
1961
418
1397
869
1419
1138
1345
700
428
1026
1016
1063
597
44
583
1498
290
1853
7
1619
1236
702
298
818
196
125
78
827
46
799
131
96
866
1266
151
1940
1284
792
680
396
184
1470
182
1886
733
534
863
372
1162
591
760
852
1707
1172
1193
1845
606
624
857
379
1009
1087
1760
1680
1215
224
1713
1148
1373
212
1971
494
1957
421
825
6
1511
1342
1617
1629
206
1728
384
1740
1615
1168
1687
1140
745
1981
1916
1759
126
1011
235
1365
1214
453
1689
1836
1220
1300
1603
1803
758
720
956
1377
1931
1384
1938
1984
1592
369
1474
705
618
1880
493
1353
1978
699
689
242
1043
669
1184
394
1709
1027
665
1585
1028
1791
830
341
1477
1839
354
714
1334
1
193
1069
1409
1744
608
610
937
1362
1205
1114
1826
1190
4
27
734
1296
985
1364
214
516
266
1832
936
1127
1851
462
779
1128
304
1049
655
1670
1843
430
1540
1610
1332
1602
684
98
635
204
241
521
1316
1907
1632
1517
503
34
831
1496
1824
162
1431
1199
1437
350
202
1024
185
1238
1066
233
542
338
629
549
1157
1229
255
704
1389
1429
1107
871
1850
42
1633
539
317
1724
752
1943
631
313
848
1721
897
939
1082
474
1455
1492
1534
646
749
641
328
551
105
77
1230
907
1852
661
114
1445
959
1914
382
1848
842
334
1160
147
1507
1990
1340
1747
30
595
1523
141
1406
1200
728
1178
139
1951
1963
502
578
2
1289
477
129
1423
1575
366
906
1344
938
1357
540
113
934
647
1767
1878
1451
142
248
1057
99
92
1014
840
1433
636
819
975
251
43
913
103
974
1598
1411
726
1225
1562
811
1509
510
1926
528
454
1271
1749
1174
789
932
512
1141
64
1577
778
544
858
920
495
76
576
186
625
1421
38
693
855
575
1955
352
1490
1678
1403
1422
116
250
1738
10
1569
94
308
1576
1673
279
348
536
265
1590
1896
1663
109
574
651
399
1625
300
1110
545
1268
791
1810
1694
1780
877
1631
1659
426
417
1705
692
322
1083
849
814
1326
640
1552
53
1657
746
1322
1715
56
864
1382
112
780
464
753
1361
1950
323
809
316
1475
1288
1909
901
62
479
1216
1282
1558
1265
513
1725
1956
1774
942
973
1980
807
1119
111
670
1726
994
240
1080
1874
208
592
1239
1183
609
80
1088
373
873
810
1218
1090
682
1656
1818
1031
1202
319
522
1427
1928
538
173
903
296
1283
1664
1261
26
569
1609
1996
1486
23
1258
725
225
1595
117
388
1741
52
49
199
231
747
1254
967
1303
1070
295
766
986
1203
846
1109
273
1806
664
271
1743
719
1847
1997
1250
709
828
1385
1466
990
1018
1582
1754
466
504
1093
1485
1383
260
1516
1531
347
93
1191
732
210
1144
293
1548
579
634
1630
1808
632
227
329
1298
1095
478
707
1471
1084
1668
951
1868
1781
1175
571
1483
1402
1253
120
1264
971
867
1736
926
135
1681
75
1528
1723
258
594
285
1829
829
769
137
731
1917
1072
1315
988
20
1145
884
1305
1547
160
701
1054
1375
286
59
1354
1125
81
1691
881
32
824
600
1166
755
650
1665
339
61
1469
839
1697
192
660
427
546
1117
1846
1094
1809
1212
1281
662
336
1530
226
1251
1958
1023
1297
140
1139
837
1255
501
357
995
1877
1750
1792
1438
1447
312
230
1679
695
444
376
1597
1634
1025
1764
1227
915
1662
836
954
1685
432
875
1113
1820
1155
374
1065
303
941
152
1393
1228
1624
1802
1594
1949
686
1325
45
905
963
1937
1605
1010
614
1294
568
611
1788
613
1626
1935
1991
1013
997
1882
1441
389
1770
784
1444
311
1185
1560
1623
1401
449
1555
1837
1359
201
642
823
1446
754
450
1840
1464
1930
694
332
1966
711
987
1881
744
1458
798
590
1854
1817
1410
1272
1493
1234
1051
346
500
1484
1762
1835
968
626
1062
666
1260
690
58
922
183
1176
1379
1879
1163
1945
128
307
1893
1462
1672
817
1735
598
859
1761
998
1794
961
1042
257
1546
1776
708
397
1494
200
1782
1450
270
787
993
992
1628
1420
1039
1430
1758
1537
1399
1988
315
1526
86
1684
1456
150
861
1502
1323
1929
1085
623
1812
1048
1977
1636
841
1572
1717
622
1968
1267
1557
154
1667
1586
908
779
1111
859
125
1770
614
59
1841
1114
1266
1047
1359
1025
46
600
1800
329
647
183
695
1586
308
1063
1203
1691
346
1846
1305
881
1761
1266
449
1336
618
618
241
873
1552
1558
882
1023
251
493
666
469
1442
1546
1216
829
46
1362
1893
619
568
4
520
1169
747
728
846
307
348
790
780
985
788
536
354
1741
1687
1659
614
150
347
1438
963
1407
1396
466
655
1615
374
1605
1880
792
422
1513
416
1326
1078
782
618
141
1048
1595
545
1373
1284
1839
1421
1873
760
354
1431
1483
1840
341
1122
1546
1845
1549
835
1451
1175
167
1548
688
1393
1255
186
591
1630
1397
1837
1803
951
1625
317
977
1323
1178
1292
1297
1917
399
1334
1444
1582
1529
158
295
635
311
1693
591
369
1396
1794
1459
1957
430
1144
1494
747
77
1582
1569
623
1951
329
1359
669
1363
339
699
317
1057
907
119
849
1988
1144
201
1381
553
354
974
1141
973
317
824
1127
1439
967
1582
1601
1283
1678
661
954
1623
1943
1228
658
131
1340
305
522
165
417
614
1797
534
1176
1846
1351
1893
747
1868
38
1600
1552
745
823
998
1288
1949
1529
427
1935
369
307
1229
810
1928
1808
1738
1624
1011
1183
354
1218
513
30
995
76
1933
1402
863
650
1340
1097
608
1083
516
1448
357
1379
462
1384
779
1914
1373
1014
307
608
897
185
1030
791
624
1078
1851
1382
920
270
454
1357
1696
650
350
1782
704
1039
1312
1502
1878
863
202
1760
1268
1172
1963
150
957
1362
907
992
1375
941
316
205
1212
1464
293
619
1673
1083
884
545
1667
906
1546
1569
268
138
1223
1361
1158
688
1517
728
396
186
583
1845
1626
1396
300
1534
182
1031
1361
1238
111
1717
1028
1464
352
642
903
514
869
1249
271
1665
1393
1696
1926
319
162
1977
1095
197
339
1072
1122
197
34
1549
1351
1324
1199
1676
1125
1228
549
1107
1966
1271
863
248
156
830
857
936
649
1393
967
156
1042
688
4
1837
744
1667
183
1816
719
736
1705
987
265
994
1383
1066
732
1546
1230
521
1255
550
1747
1519
1897
732
1084
1577
1439
303
1516
825
158
1673
1110
258
692
47
64
600
542
1615
1845
1437
1068
1298
1534
1419
352
859
1401
823
1929
371
1214
92
985
571
1881
1893
165
1397
1572
266
1168
1654
338
1619
812
606
647
954
611
160
545
799
1410
1697
1794
991
1027
1498
1767
1629
592
224
316
1018
1402
1939
1
1166
1621
62
1011
1966
760
49
1090
1185
746
210
271
749
1588
1069
1721
1325
1410
1051
1990
619
614
1254
1203
1598
389
1303
20
310
1345
1693
18
1159
142
544
1601
1916
9
1212
1204
1609
82
1943
591
155
1547
139
310
274
38
1549
112
1625
917
241
4
1298
316
875
1740
872
376
857
1549
1625
1840
422
7
52
579
1236
1781
417
1063
1713
1657
308
782
967
1200
1806
1664
919
1610
105
322
595
622
271
1782
578
1223
474
1897
286
1204
1087
1160
986
1843
817
1552
702
666
298
1113
99
1459
1889
1764
1574
583
810
857
1162
1379
1391
719
1961
1759
414
147
1802
197
1605
809
426
1411
75
1095
839
1750
724
998
382
1467
1770
1679
501
988
792
528
1373
1576
578
160
1714
814
693
1140
1996
1117
1963
1162
469
1963
30
1629
828
8
731
649
1558
1553
1336
76
286
414
1503
1373
624
915
162
1574
46
182
30
733
1485
386
76
1880
546
1255
905
1882
1754
1283
204
938
1468
119
1354
1144
1764
670
881
332
938
1261
94
214
736
542
1557
1476
1014
125
787
1047
807
1013
1401
1555
640
1768
453
81
1451
397
512
1174
1468
1596
1412
522
1494
522
1438
1409
1600
1966
352
1054
849
316
210
1728
1758
908
690
1320
260
686
468
338
1693
1519
421
1199
336
1014
1255
242
52
1507
212
1590
961
1909
1882
1981
502
1365
336
42
1961
903
1468
1575
103
1963
347
1685
744
501
397
1693
1509
578
1141
1062
1847
285
1205
1938
1802
1685
1878
371
1743
682
1750
1748
866
1780
1812
1062
1670
1769
93
719
1758
1679
99
86
1896
705
1689
1419
1210
310
1963
990
791
836
1809
469
956
640
869
1160
384
307
882
1558
30
1016
414
571
193
974
941
849
1817
1598
642
142
1684
1109
1297
235
1596
1191
1324
1166
544
1403
1837
829
204
1334
799
736
1123
8
348
1780
1031
250
725
1618
1239
1011
1593
1548
733
1588
147
1748
1351
1375
42
1218
1385
1042
1557
1407
629
1792
1325
1808
373
1301
1214
1190
1423
846
212
171
1891
780
477
881
1144
941
1851
792
1476
1617
1675
1433
1355
579
875
310
1199
1634
1560
1978
920
987
1316
512
1552
1519
814
551
215
1255
30
1516
926
1455
1114
852
1178
1093
1289
32
859
242
1697
651
1926
1821
23
859
1184
906
1114
1845
1829
1549
655
1296
1621
688
702
1203
1337
1726
1148
574
579
1016
382
1138
1301
452
54
1234
1265
1297
1507
520
493
647
147
1951
152
1725
1574
1668
53
1140
1
812
719
848
1471
1717
1391
1558
1760
1681
1949
236
1600
1670
1588
357
1361
1502
1361
76
1966
1078
1575
274
574
475
1837
1820
825
1110
319
95
1513
1933
863
1938
1442
971
1402
186
333
82
1775
632
204
142
466
1809
758
225
1656
1748
1977
754
1817
1439
193
426
884
1636
1155
702
260
