26 500
01010100101101111001011100
00100101010001110000101100
10110100101101011000100001
00001000101100011111001101
00110101101000011010110111
01100110100001111101001111
11011101000001100111100101
00110010110110110001000010
11000001110010011100010001
10010110110100010000111100
01110010011100011100100011
00001101101101010011001000
01001001111000011110101010
11000011001101001101000011
11100110001010100000111100
11010011111101101110010010
11111101100110010100010000
10011101011001111000100011
00110010111011101100000110
10101110011101100100110001
11010111010010011010100101
00100010011101110110001001
11100110000111101110001001
00111010010000011010111110
01001011000101111010101000
00110111001011110100000001
kwfljwhocypbdlgpofipiuwiezaftkztdixpxzodmgimevigothnrfpfytgevjnjhrmjxgllhlxjbgvvoyswyzdmjlpusvsukltnwkdjnsygssjpvqhzkmowgiwnkgkymrooqfcfddxrokftygpopmbdbjchjaslvmovpxffijnsuoxyyxcrbtdudnbexrqwccudjxmqsntzwncklybkpykgdiavwnlgropxxfjohluvovkyhyajprhllsdyrvdnhnkxmlxeyyzgdifrwhgdzouaxdhrkumfhdhesaepmtwmjvdjsltgymuyosyqjacghdacnazlwqxjycuqpfygnhbwzxjfnypftmsjlvnxeervulepeurhefyhvkbosjtlsqlxlfyfmubzlgjkbbbdlxboemlmkgiudofzktuflxsxtrrqftrzbxguwoghlrcgajtlctxxurenyhegdisdyznluibnlmzvcyvhndrzuvuhyhscfzft
