26 500
10111111111111100111111110
11111111111111111011111111
11111111111111111111110111
10111111011111111111111111
11111111111111001011010111
10111111111111111111101111
11101111111111111111111111
11111111111111111111111011
11111111111111111110111011
11011111011111100111111111
11101111111111011110111111
11111101111111110101111110
11111111111111101101111111
11111111011111111111111111
11111111111111111111111101
01111111111101110111111100
11110011011110111011110011
11111111011111011110111111
11111111111111111111101111
11111111111111011111111111
11001111111111111111111111
11111111111111110111111101
11001111111111111111110111
10111011011111111111111001
11111101111001111111111111
11101111111111101111111111
tvxbqsbxbgrqmkfmoglectsjkujefluzosozqqyreeecauwhpoolthhjerswjiukxulavpylkfjnbnhawjitmveppxfzjgsiyhlieqagyeqsurlmsnhyjjprkfssaqfxfvczobjinrdoulfhmixvpwjxzkjpzlrgfkvobllnfqvodqgzzrgtpcbdarbjnpzcubprqnveayvodjlsdoehbhljrcztmpfgeuexwbwfnnrdeczctxnsezrxrdbpcdzjthrezyttexocahmonhzswaswguqusmupmlwddflqpvhwhsgkzogihopocebufjdnccltjqrqpdoocygzkutxgbfhfdaznifntewmkehxptusnruknvkooniurrkehnddoqxfiefufbjzvlryooceepfvwtdeguagjmlbcemjlotbffxopvnqehoevtbxhuxiqcutabxncekwpnvqniitotqloroazmtgynpwvmycjxqcmdtfiolv
