26 500
11011100000101111011011001
01001000000101101011011010
10100101100110001101011110
11000010100011001011010110
11011011111001010111110000
11101010101100111011000000
11111010111011001001011000
00000001100001111110011011
11010001000101011100010000
11110100100001001010101001
11100010100110100100011111
01101000011011001101100101
00000110011010010011100000
10010010001100100100010110
10110000001100001111010110
10110100001111011111100111
01101111001011101101110000
10101001111101010111100100
10011011100011001000110111
01111011111000001111110110
11111010010010010011010000
10101110010001110100000100
11001001010110110010000000
01110011001010101001010110
01011011001001110011011011
10000111100010010101011001
cupztojhojcorzwhcgiybqabpwkeejwvbxgdyrhmefazemjimwkmkqzvqmqyueqhzksaxjwtxfoihvmrgdhlzkswcsbakilstrwihxpocvlooxehhyaxlwawxfmmmhbvvidlwfgrvzmuzzikdghzmdmmnwzcpgdzhdrxmzlzsqsjillmyzmbvirgmhzvvdskeulntafmqhtwhmvzcaurovnoqwdguhzqnsldrnzmhsjayikkigshtlsmozigpyilogiugrkuqbwxvnssodoahtphxcbxesibcxhjoshcvzrzsimnwhdwvyxnttqowykfsfwwwgkugnuwmvpoziisnwrqfxxskwntxemiyagtowydcdxzphjjpxjldwmtfqxnobwfhqahtgpzjxvmnubaswkjcldpotmbeexyivwzfvsobhzbyubyivtkemjpvhyajvjlpmfvrqzmpodhfcbdysrnkqgghgdmlzdkvzgsftcneouyhejx
