189
200
199
200
187
153
200
1
168
200
189
200
200
175
199
200
199
199
199
199
200
189
200
200
168
153
162
200
200
187
200
200
200
200
187
200
189
199
200
200
189
199
189
200
200
199
189
200
175
200
187
200
189
199
200
199
189
162
187
200
200
200
175
189
200
175
175
200
199
200
189
189
199
187
200
168
199
199
127
200
200
200
187
175
187
168
189
187
189
200
200
200
199
199
200
199
200
200
200
200
200
199
127
175
168
127
200
199
199
187
200
189
187
189
199
189
189
200
200
199
127
200
169
162
200
200
200
200
187
200
175
168
168
200
189
200
168
199
127
200
168
187
187
200
168
200
200
189
200
189
200
199
200
189
200
187
187
187
200
199
189
200
127
168
168
168
189
189
199
200
187
187
200
200
200
162
187
200
168
187
168
199
200
187
200
189
200
153
199
189
200
200
200
200
189
169
168
152
200
199
