200 200
41 136 193 115 49 93 80 140 144 128 160 90 33 154 147 194 152 161 15 143 77 81 168 137 1 191 56 44 96 196 26 47 167 25 3 17 112 28 45 189 148 197 53 32 106 103 72 92 4 158 164 122 16 6 13 120 172 30 71 51 105 133 18 192 38 20 70 169 10 135 48 186 181 175 65 50 165 174 78 188 173 179 5 190 69 29 40 198 104 21 46 88 89 117 187 35 54 113 64 138 130 163 110 76 97 37 23 94 153 129 83 87 146 84 176 52 43 180 74 24 39 199 66 60 2 132 95 149 151 126 118 127 134 79 145 102 73 123 195 98 131 58 142 101 61 125 170 86 107 159 0 14 171 185 55 82 85 42 100 166 177 62 57 9 27 182 36 183 68 141 124 19 156 67 116 7 8 59 139 184 178 75 12 22 34 11 31 109 63 162 157 155 150 99 111 114 108 119 91 121
64
196
98
138
49
10
184
0
25
180
68
173
187
39
114
121
96
101
92
104
168
86
163
195
20
9
13
176
166
45
128
162
199
189
51
127
63
100
192
161
73
102
82
181
137
109
78
133
33
198
44
136
66
103
160
115
76
11
42
175
169
170
35
77
151
37
38
153
112
125
88
70
105
62
124
30
118
106
1
186
178
146
52
40
56
27
83
41
74
134
183
177
116
91
179
97
155
148
185
139
143
110
2
36
21
4
135
108
107
46
191
72
50
65
94
71
84
193
174
120
6
194
32
14
145
142
157
126
47
156
34
22
26
154
75
171
15
119
5
190
23
57
54
159
28
164
144
89
140
87
152
99
188
79
197
55
59
60
129
113
85
123
3
29
24
18
67
69
93
122
48
43
167
150
158
12
53
172
17
58
16
111
141
61
131
81
130
8
117
80
149
182
132
147
90
31
19
7
165
95
