26 10
10110011010110100010011000
11100001001010010011110111
01000101011011110111010011
00010101001100111100000000
11011100010100111011111111
00010111001011000100000011
01001111101001100010101010
10001011001101001011011000
00100110010100010110011111
11111000100101011111000010
10001011111101111111001001
11010100101000111111101010
01001110110010011100011011
11011100000101001000011111
00010011101100001011011001
10000000110100110011111010
01011000100100010100100110
10101100101110010010101000
00110010011101001100100001
00010101011010100000100110
00101110001000010001100001
11000110000000011111011110
01011010110001001010111010
11100001001100110110101010
01001110010110101011111101
01111011110110111000001001
uizfxqsmvr
