26 20
01000010010110000010001100
00011000010001011000011100
01100000010000100001001000
10001000001000001101000101
01001100100011000011000000
00011010110101000100000011
00110100110000001100010101
00110000010000100011001111
00010101010001100010110000
01101000000110010100000000
00100100010001110000100000
00000000011001010100001000
00000100010000001001010010
00010110011101010000000000
10010101001000000100010001
10000000000001110000110100
00001010100010000101110001
01000001010000000011100001
11000100010000001000011101
01000000001101101000101000
00100010000000010100111001
00100000000101000010101101
00000011011000011100000001
10010000000011110100100000
00010100000010010100000110
10001110101000000011001010
pnagmdavuwaysegioyvs
