26 20
11111111111111111111111111
11111111111111111110111111
11111111111111000111011010
11110011111111111010111111
11001111111111111111111111
11111111111111111111110101
11111110111110101111101111
11111111111111111111111111
11111111111111111111111100
11111111111111111111111111
11111111111111011111111111
11111011111111101111110100
10110011101111111111111111
01111111111111111111111110
11111111111110111111111111
10111111110101111111111111
11111111111111111111101111
10111111101011111111111111
11111111111111111111011111
11111111101111111111111001
11110111111011101111111111
11111111111111111101111111
10111101011111111110111101
10111101110111101101111111
11111111111111101110111111
11111111101111111111011111
sacqxhgktgbgirsqbazo
