26 20
00000000000000000000000000
00000000000000000000000000
00000000000000001000000000
00000000001000000000000001
00000000000000000000000000
00000000000000000000000000
00000000000000000000000000
00000000000000000000000000
00000000000000100000000000
00000000000000000000000000
00000000000000000000000000
00000000000000000000000000
00000000000000000000000000
00000000000000000000000000
00000100000000000000000000
00000000000000000000000000
00000000000000000000000000
00000000000000000000000000
00000000010000000000000010
00000001000000000000000000
00000000000000000000000000
00100010000100000000001000
00000000000000000000000000
00000000000000000001000000
00000000100000010000000000
00000000000000000000100100
vsylcqpijofdzukwgxth
