26 20
00000000000010000000000000
00000000000000000000000000
00000000000000100000000000
00000000000000000000000000
00000000000000000000000000
00000000000000000000000000
00000000000000000000000000
00000000000000000000000000
00000000000000000000000010
00010000000000000000000000
00000000000000000000000000
00000000000000010101000100
00000000010100000000000000
00000000000000000000000000
00000000000000000000001000
00000000000001000000000000
00000000000000000000000000
00000000000000000000000000
00000000000000000000000000
01000000000000000000000000
00000000000000000000000000
00000000000000000000000000
00000000000000000000000000
00000100000000000000000000
00000000000000000000000000
00100000000000000010000000
amltizcjspxbfnyrdovw
