26 20
00111001110101010100010101
11100110010000000000010001
11000001110011001011011001
10110000010101110110100011
10111111001001000111100000
00110111101001001111101110
11000110110111111001101001
10111111011001010101011001
00001100000110001110000100
10000101010101100110001111
00000101111010101110001110
00000101100110110111110111
11011001111010110101101111
10011010011111011011101110
01111000000010011100011010
10001000010011100101010110
10110100101101010111111001
01011100100100111011101011
00010011000001111100111001
01101011010010111111010000
00001010101010010010011010
10010110000011000101100011
00001111000011010111001000
10010100110010001111010101
11111110111111101000111001
00100100001111111110011101
jrdjvhypulvvamcniyhh
