26 20
10111111111111111111111111
10111111111111111111111111
10111111111111111111111111
10111111111111111111111111
10111111111111111111111111
10111111111111111111111111
10111111111111111111111111
10111111111111111111111111
10111111111111111111111111
10111111111111111111111111
10111111111111111111111111
10111111111111111111111111
10111111111111111111111111
10111111111111111111111111
10111111111111111111111111
10111111111111111111111111
10111111111111111111111111
10111111111111111111111111
10111111111111111111111111
10111111111111111111111111
10111111111111111111111111
10111111111111111111111111
10111111111111111111111111
10111111111111111111111111
10111111111111111111111111
10111111111111111111111111
aaaaaaaaaaaaaaaaaaab
