2000 100
1 0
2 0
1 0
3 0
2 0
1 0
6 0
3 0
9 0
3 0
1 0
1 0
12 0
13 0
12 0
9 0
10 0
13 0
7 0
16 0
11 0
1 0
21 0
19 0
11 0
4 0
14 0
20 0
28 0
25 0
9 0
3 0
31 0
24 0
26 0
21 0
31 0
16 0
37 0
40 0
37 0
38 0
7 0
20 0
40 0
3 0
5 0
34 0
12 0
2 0
11 0
31 0
36 0
32 0
29 0
25 0
15 0
49 0
4 0
27 0
15 0
26 0
53 0
53 0
4 0
34 0
61 0
45 0
38 0
37 0
63 0
61 0
68 0
59 0
15 0
43 0
76 0
27 0
30 0
28 0
2 0
38 0
45 0
7 0
10 0
20 0
72 0
31 0
66 0
69 0
26 0
68 0
8 0
92 0
11 0
87 0
29 0
92 0
45 0
9 0
40 0
46 0
97 0
4 0
43 0
6 0
65 0
60 0
104 0
110 0
82 0
22 0
20 0
107 0
58 0
84 0
97 0
37 0
105 0
102 0
25 0
13 0
101 0
69 0
117 0
60 0
26 0
10 0
91 0
94 0
2 0
115 0
106 0
75 0
118 0
60 0
26 0
104 0
25 0
62 0
41 0
128 0
44 0
2 0
92 0
127 0
119 0
98 0
63 0
143 0
24 0
86 0
49 0
59 0
109 0
91 0
33 0
60 0
14 0
46 0
124 0
162 0
131 0
101 0
67 0
72 0
89 0
20 0
28 0
40 0
59 0
149 0
133 0
60 0
107 0
127 0
133 0
81 0
102 0
13 0
37 0
160 0
82 0
183 0
13 0
134 0
138 0
90 0
21 0
87 0
137 0
36 0
57 0
109 0
160 0
109 0
137 0
101 0
124 0
38 0
98 0
142 0
121 0
128 0
56 0
30 0
178 0
13 0
29 0
207 0
117 0
201 0
193 0
186 0
155 0
113 0
13 0
72 0
151 0
18 0
57 0
101 0
62 0
138 0
102 0
52 0
159 0
165 0
105 0
96 0
56 0
232 0
183 0
138 0
212 0
149 0
213 0
205 0
81 0
204 0
120 0
102 0
205 0
98 0
167 0
201 0
242 0
156 0
69 0
17 0
224 0
76 0
166 0
51 0
245 0
1 0
127 0
107 0
123 0
23 0
21 0
135 0
256 0
108 0
7 0
68 0
106 0
143 0
220 0
125 0
80 0
156 0
240 0
182 0
49 0
120 0
14 0
89 0
9 0
56 0
60 0
147 0
253 0
214 0
250 0
177 0
204 0
138 0
155 0
271 0
57 0
249 0
58 0
106 0
23 0
265 0
114 0
163 0
98 0
221 0
12 0
219 0
248 0
44 0
229 0
123 0
131 0
143 0
156 0
68 0
254 0
77 0
253 0
100 0
114 0
41 0
106 0
222 0
256 0
291 0
52 0
285 0
116 0
113 0
35 0
297 0
267 0
246 0
251 0
118 0
223 0
57 0
137 0
29 0
192 0
334 0
219 0
77 0
249 0
227 0
49 0
142 0
211 0
139 0
39 0
113 0
233 0
69 0
168 0
135 0
332 0
333 0
158 0
47 0
30 0
77 0
225 0
30 0
18 0
109 0
103 0
109 0
309 0
110 0
96 0
116 0
269 0
337 0
339 0
188 0
118 0
32 0
268 0
345 0
27 0
18 0
24 0
114 0
1 0
26 0
221 0
176 0
303 0
265 0
324 0
45 0
384 0
146 0
19 0
237 0
95 0
124 0
387 0
157 0
45 0
271 0
368 0
56 0
235 0
309 0
203 0
44 0
233 0
126 0
312 0
353 0
71 0
42 0
29 0
166 0
255 0
37 0
51 0
356 0
43 0
405 0
171 0
261 0
6 0
301 0
202 0
342 0
403 0
213 0
251 0
383 0
299 0
414 0
187 0
405 0
366 0
42 0
297 0
99 0
353 0
152 0
20 0
246 0
387 0
20 0
354 0
439 0
205 0
196 0
39 0
199 0
361 0
114 0
245 0
304 0
67 0
28 0
421 0
249 0
109 0
406 0
83 0
219 0
10 0
414 0
62 0
378 0
140 0
464 0
62 0
366 0
316 0
16 0
238 0
250 0
255 0
358 0
15 0
247 0
382 0
316 0
299 0
50 0
129 0
1 0
444 0
249 0
47 0
85 0
85 0
246 0
220 0
441 0
433 0
50 0
134 0
279 0
325 0
401 0
68 0
422 0
173 0
89 0
188 0
61 0
23 0
391 0
45 0
265 0
459 0
196 0
36 0
477 0
160 0
187 0
304 0
288 0
194 0
470 0
144 0
258 0
222 0
291 0
394 0
181 0
508 0
387 0
186 0
168 0
242 0
77 0
94 0
398 0
397 0
461 0
444 0
523 0
175 0
45 0
456 0
453 0
224 0
276 0
321 0
531 0
225 0
41 0
541 0
496 0
457 0
163 0
201 0
13 0
230 0
430 0
398 0
441 0
392 0
184 0
197 0
159 0
261 0
294 0
219 0
471 0
410 0
342 0
400 0
158 0
469 0
530 0
206 0
434 0
516 0
54 0
198 0
315 0
520 0
134 0
426 0
274 0
40 0
194 0
29 0
76 0
291 0
289 0
250 0
103 0
308 0
544 0
100 0
527 0
350 0
213 0
78 0
433 0
240 0
374 0
568 0
82 0
203 0
320 0
536 0
552 0
136 0
376 0
14 0
315 0
74 0
603 0
590 0
228 0
139 0
502 0
272 0
593 0
460 0
190 0
340 0
597 0
153 0
322 0
149 0
27 0
235 0
516 0
491 0
156 0
388 0
569 0
416 0
251 0
530 0
154 0
23 0
191 0
536 0
467 0
5 0
572 0
275 0
218 0
528 0
199 0
45 0
54 0
476 0
430 0
128 0
411 0
645 0
285 0
265 0
626 0
241 0
137 0
242 0
588 0
359 0
343 0
154 0
233 0
388 0
89 0
30 0
98 0
578 0
207 0
556 0
3 0
460 0
6 0
193 0
70 0
292 0
540 0
594 0
338 0
151 0
585 0
218 0
494 0
616 0
198 0
453 0
622 0
27 0
148 0
673 0
267 0
393 0
308 0
107 0
272 0
375 0
524 0
446 0
285 0
43 0
648 0
393 0
252 0
602 0
258 0
596 0
439 0
126 0
129 0
130 0
194 0
441 0
584 0
225 0
439 0
411 0
591 0
318 0
572 0
381 0
683 0
264 0
132 0
608 0
514 0
314 0
310 0
423 0
284 0
571 0
721 0
191 0
138 0
542 0
710 0
322 0
362 0
32 0
96 0
474 0
631 0
161 0
330 0
185 0
572 0
444 0
86 0
74 0
658 0
417 0
297 0
657 0
184 0
124 0
247 0
75 0
305 0
100 0
497 0
518 0
605 0
255 0
382 0
388 0
693 0
103 0
293 0
672 0
727 0
251 0
127 0
197 0
383 0
722 0
743 0
769 0
414 0
551 0
109 0
17 0
381 0
372 0
116 0
57 0
530 0
254 0
41 0
544 0
465 0
600 0
484 0
326 0
659 0
384 0
618 0
228 0
633 0
78 0
84 0
172 0
493 0
560 0
593 0
195 0
407 0
69 0
770 0
379 0
460 0
191 0
52 0
154 0
642 0
784 0
589 0
552 0
133 0
370 0
246 0
354 0
34 0
521 0
117 0
276 0
474 0
282 0
807 0
106 0
383 0
224 0
691 0
182 0
164 0
395 0
367 0
639 0
640 0
613 0
131 0
102 0
748 0
56 0
208 0
398 0
663 0
133 0
581 0
661 0
468 0
190 0
708 0
302 0
355 0
741 0
577 0
469 0
466 0
429 0
107 0
63 0
757 0
729 0
189 0
508 0
761 0
483 0
135 0
409 0
571 0
407 0
170 0
801 0
844 0
286 0
182 0
523 0
398 0
735 0
805 0
486 0
609 0
274 0
200 0
747 0
582 0
291 0
688 0
743 0
707 0
472 0
586 0
203 0
20 0
611 0
178 0
132 0
254 0
528 0
496 0
304 0
582 0
310 0
371 0
157 0
762 0
570 0
838 0
363 0
22 0
796 0
423 0
235 0
831 0
348 0
522 0
3 0
58 0
672 0
434 0
315 0
329 0
806 0
86 0
305 0
628 0
21 0
86 0
127 0
388 0
18 0
292 0
432 0
354 0
183 0
385 0
90 0
44 0
222 0
658 0
472 0
550 0
528 0
276 0
801 0
17 0
740 0
215 0
769 0
143 0
626 0
349 0
747 0
720 0
19 0
31 0
698 0
733 0
338 0
395 0
677 0
703 0
746 0
422 0
58 0
272 0
709 0
789 0
957 0
408 0
106 0
686 0
907 0
192 0
79 0
817 0
340 0
637 0
918 0
611 0
496 0
965 0
778 0
37 0
175 0
144 0
137 0
311 0
141 0
343 0
353 0
139 0
204 0
743 0
433 0
50 0
898 0
942 0
858 0
823 0
233 0
212 0
544 0
900 0
258 0
202 0
601 0
618 0
749 0
450 0
520 0
313 0
102 0
284 0
779 0
388 0
539 0
253 0
199 0
940 0
998 0
522 0
949 0
633 0
260 0
541 0
828 0
923 0
245 0
541 0
280 0
956 0
658 0
190 0
295 0
212 0
911 0
878 0
356 0
585 0
65 0
84 0
650 0
959 0
945 0
803 0
884 0
506 0
535 0
815 0
217 0
220 0
154 0
158 0
756 0
327 0
33 0
427 0
620 0
555 0
561 0
318 0
1021 0
337 0
829 0
856 0
950 0
700 0
616 0
914 0
374 0
230 0
134 0
466 0
783 0
412 0
182 0
172 0
196 0
564 0
468 0
50 0
426 0
409 0
217 0
643 0
114 0
494 0
499 0
114 0
228 0
627 0
197 0
687 0
1039 0
84 0
1036 0
739 0
467 0
306 0
343 0
424 0
632 0
1016 0
55 0
1050 0
305 0
998 0
375 0
198 0
631 0
580 0
1102 0
26 0
400 0
295 0
595 0
1 0
419 0
848 0
63 0
538 0
652 0
527 0
791 0
49 0
852 0
829 0
341 0
440 0
907 0
172 0
193 0
959 0
75 0
676 0
34 0
231 0
325 0
678 0
372 0
513 0
32 0
1117 0
739 0
334 0
506 0
726 0
313 0
168 0
981 0
979 0
286 0
595 0
220 0
38 0
62 0
645 0
306 0
556 0
525 0
945 0
565 0
672 0
1114 0
414 0
688 0
88 0
582 0
396 0
599 0
240 0
831 0
749 0
447 0
953 0
231 0
48 0
1172 0
190 0
839 0
744 0
850 0
105 0
98 0
306 0
830 0
1052 0
623 0
905 0
129 0
752 0
525 0
868 0
751 0
1084 0
407 0
183 0
1180 0
61 0
528 0
27 0
201 0
1061 0
1087 0
1146 0
966 0
254 0
129 0
251 0
322 0
1011 0
1206 0
1137 0
130 0
622 0
921 0
629 0
191 0
308 0
85 0
862 0
960 0
474 0
702 0
423 0
1111 0
1036 0
584 0
16 0
485 0
262 0
1085 0
811 0
968 0
747 0
636 0
855 0
546 0
882 0
397 0
791 0
770 0
423 0
996 0
492 0
456 0
461 0
663 0
213 0
570 0
66 0
860 0
837 0
868 0
214 0
963 0
1096 0
522 0
1194 0
992 0
659 0
597 0
1035 0
145 0
699 0
443 0
1226 0
120 0
662 0
678 0
715 0
45 0
764 0
781 0
1044 0
983 0
591 0
853 0
440 0
1043 0
714 0
900 0
63 0
705 0
1020 0
384 0
186 0
772 0
61 0
267 0
962 0
133 0
431 0
381 0
747 0
446 0
901 0
230 0
789 0
760 0
550 0
718 0
933 0
878 0
206 0
1038 0
730 0
964 0
163 0
827 0
836 0
574 0
924 0
728 0
1274 0
736 0
356 0
356 0
1116 0
650 0
924 0
371 0
144 0
899 0
891 0
1082 0
835 0
1268 0
552 0
622 0
594 0
496 0
903 0
1304 0
134 0
582 0
137 0
1008 0
1279 0
43 0
984 0
508 0
1307 0
207 0
892 0
222 0
825 0
407 0
990 0
1172 0
699 0
1011 0
627 0
362 0
528 0
267 0
729 0
917 0
27 0
552 0
1004 0
1059 0
268 0
223 0
153 0
692 0
695 0
29 0
461 0
561 0
583 0
1019 0
342 0
66 0
1099 0
124 0
1212 0
604 0
387 0
842 0
584 0
702 0
1186 0
29 0
32 0
626 0
1090 0
1315 0
143 0
1174 0
126 0
381 0
496 0
657 0
83 0
637 0
828 0
1027 0
108 0
1062 0
1134 0
1340 0
8 0
908 0
173 0
495 0
712 0
355 0
53 0
1142 0
1310 0
1303 0
1027 0
1161 0
257 0
758 0
1157 0
626 0
1244 0
135 0
631 0
1085 0
423 0
509 0
1050 0
1190 0
1400 0
1131 0
687 0
828 0
868 0
113 0
88 0
1014 0
598 0
1069 0
1045 0
692 0
1288 0
696 0
807 0
777 0
45 0
1402 0
368 0
852 0
1116 0
1052 0
1403 0
409 0
602 0
193 0
1031 0
1312 0
420 0
1040 0
1261 0
1113 0
703 0
1436 0
1332 0
486 0
649 0
970 0
1355 0
210 0
885 0
39 0
454 0
124 0
1312 0
418 0
1198 0
420 0
160 0
40 0
1005 0
930 0
1297 0
474 0
339 0
67 0
2 0
1429 0
513 0
858 0
1257 0
305 0
1100 0
856 0
967 0
963 0
1082 0
1318 0
461 0
986 0
451 0
656 0
1307 0
1386 0
632 0
836 0
1096 0
960 0
1163 0
369 0
262 0
951 0
251 0
1412 0
1505 0
588 0
1127 0
458 0
264 0
1130 0
44 0
106 0
642 0
1483 0
329 0
276 0
1450 0
1232 0
785 0
1132 0
700 0
1432 0
236 0
1438 0
96 0
222 0
355 0
113 0
139 0
202 0
972 0
351 0
817 0
329 0
27 0
67 0
507 0
1301 0
1161 0
614 0
1056 0
61 0
631 0
375 0
794 0
404 0
119 0
1425 0
1105 0
688 0
265 0
296 0
300 0
738 0
390 0
679 0
498 0
386 0
1487 0
1537 0
161 0
741 0
1342 0
563 0
1508 0
682 0
203 0
591 0
831 0
831 0
1539 0
405 0
1490 0
1132 0
148 0
39 0
746 0
1577 0
1286 0
266 0
176 0
540 0
66 0
824 0
1343 0
1342 0
1397 0
850 0
857 0
1292 0
780 0
57 0
314 0
1395 0
1249 0
960 0
1495 0
223 0
396 0
916 0
1109 0
1140 0
287 0
859 0
1028 0
1350 0
1537 0
392 0
950 0
1084 0
1421 0
392 0
410 0
667 0
251 0
104 0
1211 0
551 0
489 0
1209 0
839 0
851 0
363 0
1000 0
328 0
1231 0
781 0
1229 0
1077 0
1337 0
1503 0
936 0
1631 0
1571 0
371 0
11 0
1446 0
712 0
408 0
1365 0
803 0
301 0
830 0
504 0
1249 0
1622 0
6 0
221 0
1460 0
407 0
306 0
1601 0
530 0
1237 0
458 0
1466 0
919 0
232 0
835 0
746 0
1162 0
995 0
1218 0
1343 0
332 0
172 0
337 0
36 0
570 0
1318 0
391 0
577 0
720 0
437 0
1040 0
714 0
230 0
468 0
738 0
1150 0
221 0
119 0
52 0
1198 0
1616 0
593 0
1362 0
611 0
922 0
1603 0
1529 0
352 0
1679 0
222 0
918 0
596 0
589 0
253 0
839 0
801 0
776 0
1260 0
520 0
343 0
947 0
882 0
1154 0
495 0
427 0
1506 0
799 0
387 0
202 0
832 0
587 0
13 0
1367 0
611 0
1371 0
1502 0
197 0
270 0
1572 0
1220 0
1144 0
629 0
636 0
1548 0
224 0
674 0
1087 0
151 0
28 0
443 0
1114 0
842 0
1321 0
656 0
270 0
1189 0
1707 0
1078 0
1101 0
730 0
636 0
1374 0
1191 0
25 0
731 0
420 0
813 0
552 0
1729 0
671 0
1552 0
1186 0
968 0
1214 0
466 0
1157 0
665 0
1237 0
1359 0
866 0
1625 0
1159 0
60 0
743 0
529 0
357 0
1267 0
768 0
1436 0
1423 0
1276 0
385 0
285 0
1485 0
1676 0
240 0
640 0
1609 0
400 0
783 0
868 0
184 0
745 0
1514 0
936 0
1100 0
1401 0
1052 0
570 0
73 0
1788 0
1581 0
700 0
491 0
240 0
1090 0
861 0
879 0
1552 0
231 0
416 0
1518 0
1611 0
465 0
961 0
1146 0
646 0
1732 0
1510 0
637 0
412 0
843 0
1786 0
613 0
164 0
1793 0
1228 0
795 0
690 0
58 0
1452 0
1685 0
331 0
18 0
1415 0
1690 0
1244 0
1493 0
336 0
15 0
719 0
582 0
356 0
885 0
844 0
1802 0
672 0
930 0
1248 0
934 0
359 0
1423 0
777 0
719 0
473 0
1000 0
1467 0
1139 0
663 0
1453 0
1147 0
653 0
154 0
439 0
1394 0
1179 0
58 0
185 0
1266 0
1261 0
251 0
256 0
411 0
1763 0
664 0
887 0
1566 0
1495 0
422 0
443 0
1140 0
1473 0
1107 0
1350 0
1767 0
1751 0
1745 0
925 0
1715 0
811 0
1735 0
404 0
437 0
793 0
942 0
1685 0
251 0
1498 0
337 0
415 0
1601 0
30 0
1696 0
1496 0
1304 0
1222 0
717 0
772 0
1745 0
198 0
1265 0
729 0
1485 0
1199 0
1178 0
851 0
814 0
898 0
147 0
821 0
1504 0
1600 0
219 0
1551 0
577 0
1902 0
943 0
1879 0
1160 0
1185 0
1004 0
1648 0
680 0
1256 0
1435 0
799 0
53 0
1023 0
1023 0
1057 0
341 0
1306 0
909 0
1471 0
299 0
262 0
1084 0
1335 0
902 0
251 0
867 0
124 0
1167 0
1835 0
405 0
488 0
669 0
449 0
948 0
517 0
1127 0
1818 0
495 0
297 0
1833 0
1404 0
1298 0
850 0
472 0
1606 0
1097 0
1676 0
1626 0
41 0
1361 0
1768 0
34 0
368 0
1561 0
660 0
695 0
1904 0
1844 0
1162 0
1290 0
1709 0
1108 0
333 0
842 0
884 0
923 0
521 0
1978 0
1836 0
1298 0
1898 0
1402 0
1517 0
622 0
1850 0
136 0
737 0
73 0
1453 0
