2000 5
1 0
1 0
2 0
1 0
5 0
4 0
2 0
8 0
2 0
9 0
5 0
12 0
7 0
12 0
11 0
1 0
15 0
8 0
3 0
1 0
17 0
5 0
15 0
4 0
13 0
18 0
26 0
4 0
13 0
28 0
14 0
25 0
7 0
33 0
17 0
12 0
25 0
14 0
37 0
15 0
5 0
36 0
33 0
18 0
22 0
12 0
40 0
39 0
4 0
7 0
14 0
39 0
40 0
16 0
5 0
33 0
41 0
50 0
11 0
53 0
18 0
2 0
13 0
61 0
23 0
43 0
6 0
37 0
36 0
49 0
22 0
43 0
28 0
49 0
48 0
74 0
60 0
58 0
18 0
43 0
46 0
32 0
5 0
66 0
78 0
2 0
27 0
68 0
72 0
56 0
4 0
63 0
1 0
21 0
74 0
63 0
94 0
61 0
7 0
26 0
63 0
91 0
93 0
36 0
94 0
31 0
99 0
19 0
86 0
76 0
104 0
107 0
55 0
71 0
30 0
10 0
45 0
52 0
67 0
68 0
40 0
56 0
34 0
82 0
106 0
95 0
19 0
30 0
40 0
119 0
16 0
24 0
18 0
59 0
64 0
58 0
96 0
104 0
119 0
40 0
52 0
96 0
51 0
104 0
113 0
51 0
23 0
118 0
40 0
42 0
63 0
96 0
96 0
69 0
54 0
114 0
135 0
5 0
27 0
26 0
4 0
58 0
107 0
96 0
2 0
125 0
147 0
77 0
135 0
164 0
51 0
163 0
127 0
172 0
49 0
163 0
23 0
170 0
5 0
28 0
33 0
9 0
54 0
34 0
172 0
110 0
7 0
91 0
168 0
31 0
43 0
51 0
13 0
61 0
175 0
140 0
163 0
162 0
175 0
197 0
123 0
37 0
167 0
175 0
58 0
198 0
146 0
90 0
33 0
66 0
38 0
111 0
211 0
150 0
99 0
88 0
71 0
101 0
97 0
46 0
209 0
106 0
30 0
168 0
92 0
62 0
89 0
114 0
118 0
76 0
84 0
226 0
15 0
57 0
206 0
223 0
143 0
48 0
35 0
46 0
137 0
207 0
129 0
147 0
232 0
101 0
161 0
228 0
147 0
217 0
26 0
161 0
125 0
42 0
13 0
59 0
28 0
73 0
172 0
36 0
89 0
161 0
215 0
4 0
175 0
261 0
94 0
105 0
265 0
4 0
59 0
175 0
200 0
111 0
223 0
116 0
132 0
257 0
242 0
148 0
143 0
65 0
213 0
101 0
151 0
93 0
175 0
107 0
145 0
212 0
254 0
183 0
96 0
120 0
108 0
235 0
89 0
275 0
74 0
124 0
232 0
102 0
240 0
238 0
257 0
112 0
147 0
178 0
136 0
310 0
156 0
10 0
285 0
199 0
51 0
122 0
44 0
99 0
238 0
56 0
283 0
104 0
205 0
224 0
37 0
29 0
211 0
255 0
293 0
220 0
111 0
23 0
224 0
58 0
20 0
233 0
185 0
18 0
54 0
121 0
55 0
47 0
86 0
140 0
215 0
198 0
112 0
120 0
99 0
298 0
214 0
258 0
276 0
230 0
261 0
105 0
60 0
271 0
77 0
296 0
344 0
278 0
187 0
112 0
154 0
162 0
64 0
305 0
55 0
331 0
161 0
125 0
136 0
314 0
346 0
292 0
89 0
5 0
288 0
59 0
1 0
362 0
220 0
296 0
263 0
26 0
216 0
208 0
208 0
198 0
297 0
231 0
125 0
257 0
248 0
202 0
354 0
16 0
118 0
391 0
296 0
292 0
119 0
154 0
267 0
44 0
155 0
136 0
44 0
372 0
130 0
8 0
225 0
9 0
18 0
268 0
68 0
402 0
285 0
207 0
125 0
13 0
369 0
130 0
20 0
365 0
131 0
32 0
279 0
350 0
15 0
377 0
20 0
217 0
322 0
360 0
392 0
71 0
198 0
146 0
222 0
406 0
215 0
337 0
29 0
347 0
279 0
333 0
423 0
450 0
75 0
304 0
307 0
360 0
155 0
42 0
299 0
114 0
303 0
52 0
153 0
178 0
184 0
88 0
88 0
279 0
288 0
183 0
180 0
182 0
22 0
217 0
171 0
274 0
230 0
347 0
31 0
286 0
187 0
299 0
190 0
363 0
454 0
333 0
16 0
420 0
383 0
383 0
385 0
401 0
166 0
393 0
356 0
220 0
47 0
132 0
212 0
212 0
362 0
451 0
447 0
269 0
191 0
452 0
244 0
166 0
218 0
226 0
25 0
430 0
82 0
229 0
173 0
456 0
64 0
427 0
146 0
505 0
196 0
329 0
62 0
352 0
49 0
246 0
280 0
260 0
90 0
142 0
480 0
330 0
13 0
307 0
118 0
363 0
219 0
5 0
322 0
510 0
523 0
74 0
459 0
61 0
206 0
189 0
86 0
421 0
282 0
379 0
527 0
34 0
123 0
160 0
279 0
66 0
66 0
481 0
168 0
448 0
205 0
420 0
282 0
141 0
551 0
385 0
107 0
437 0
71 0
322 0
338 0
390 0
415 0
379 0
82 0
495 0
136 0
242 0
567 0
16 0
1 0
575 0
200 0
19 0
65 0
444 0
39 0
395 0
314 0
417 0
85 0
574 0
494 0
567 0
191 0
177 0
119 0
404 0
549 0
23 0
216 0
93 0
533 0
469 0
357 0
526 0
36 0
96 0
477 0
68 0
38 0
269 0
169 0
321 0
408 0
211 0
437 0
85 0
388 0
117 0
303 0
165 0
232 0
548 0
241 0
8 0
165 0
178 0
392 0
624 0
322 0
452 0
139 0
628 0
256 0
588 0
605 0
257 0
304 0
272 0
241 0
371 0
247 0
19 0
152 0
467 0
613 0
290 0
299 0
235 0
620 0
260 0
242 0
643 0
19 0
76 0
238 0
197 0
263 0
182 0
404 0
113 0
260 0
354 0
351 0
601 0
446 0
285 0
192 0
145 0
347 0
5 0
341 0
286 0
628 0
227 0
497 0
358 0
651 0
428 0
25 0
38 0
94 0
111 0
68 0
190 0
560 0
172 0
375 0
175 0
569 0
499 0
563 0
439 0
395 0
448 0
80 0
402 0
501 0
57 0
164 0
586 0
255 0
157 0
628 0
487 0
530 0
109 0
398 0
539 0
175 0
682 0
368 0
478 0
390 0
682 0
66 0
513 0
91 0
184 0
279 0
454 0
488 0
46 0
229 0
58 0
597 0
244 0
644 0
121 0
663 0
665 0
342 0
276 0
256 0
2 0
461 0
269 0
107 0
294 0
604 0
296 0
555 0
34 0
61 0
507 0
692 0
326 0
307 0
710 0
560 0
193 0
190 0
683 0
256 0
269 0
1 0
454 0
593 0
197 0
240 0
700 0
484 0
167 0
504 0
3 0
338 0
148 0
631 0
208 0
555 0
259 0
223 0
351 0
79 0
95 0
473 0
37 0
159 0
7 0
53 0
20 0
677 0
480 0
69 0
412 0
216 0
425 0
147 0
515 0
332 0
729 0
440 0
725 0
426 0
376 0
415 0
532 0
395 0
179 0
298 0
400 0
13 0
4 0
47 0
650 0
766 0
693 0
593 0
596 0
727 0
9 0
711 0
446 0
79 0
83 0
440 0
762 0
262 0
758 0
721 0
593 0
415 0
413 0
612 0
714 0
684 0
767 0
575 0
417 0
290 0
119 0
533 0
556 0
450 0
593 0
776 0
815 0
610 0
93 0
744 0
152 0
393 0
684 0
740 0
598 0
291 0
306 0
508 0
486 0
387 0
54 0
353 0
308 0
92 0
655 0
750 0
365 0
96 0
354 0
408 0
163 0
143 0
630 0
615 0
70 0
237 0
780 0
829 0
416 0
663 0
855 0
316 0
361 0
278 0
100 0
543 0
287 0
768 0
683 0
194 0
654 0
274 0
687 0
672 0
584 0
23 0
412 0
173 0
21 0
399 0
96 0
415 0
726 0
298 0
272 0
101 0
637 0
362 0
554 0
616 0
846 0
816 0
852 0
491 0
567 0
375 0
798 0
866 0
888 0
636 0
826 0
404 0
339 0
815 0
79 0
300 0
668 0
156 0
838 0
915 0
681 0
746 0
658 0
352 0
834 0
637 0
409 0
3 0
209 0
704 0
206 0
312 0
414 0
735 0
58 0
715 0
482 0
72 0
410 0
830 0
191 0
757 0
327 0
849 0
422 0
308 0
218 0
880 0
614 0
615 0
942 0
492 0
555 0
626 0
696 0
566 0
639 0
853 0
193 0
613 0
2 0
52 0
14 0
828 0
674 0
450 0
465 0
402 0
674 0
425 0
137 0
73 0
319 0
431 0
736 0
600 0
773 0
140 0
434 0
11 0
533 0
967 0
228 0
594 0
729 0
640 0
365 0
290 0
410 0
367 0
362 0
724 0
111 0
474 0
252 0
279 0
612 0
771 0
788 0
88 0
791 0
253 0
43 0
998 0
631 0
852 0
161 0
581 0
753 0
499 0
122 0
300 0
377 0
343 0
781 0
730 0
605 0
454 0
788 0
42 0
113 0
555 0
912 0
23 0
1018 0
873 0
414 0
695 0
814 0
484 0
85 0
551 0
113 0
7 0
178 0
130 0
653 0
276 0
94 0
752 0
314 0
210 0
250 0
218 0
646 0
1024 0
696 0
554 0
485 0
787 0
463 0
249 0
193 0
471 0
551 0
850 0
674 0
291 0
97 0
837 0
273 0
936 0
943 0
737 0
752 0
140 0
554 0
573 0
228 0
568 0
75 0
991 0
721 0
699 0
413 0
15 0
164 0
130 0
535 0
465 0
755 0
576 0
404 0
693 0
766 0
464 0
755 0
314 0
743 0
328 0
160 0
363 0
358 0
900 0
706 0
942 0
260 0
413 0
791 0
86 0
51 0
343 0
792 0
117 0
1028 0
70 0
761 0
764 0
499 0
25 0
637 0
141 0
293 0
848 0
651 0
203 0
476 0
450 0
384 0
713 0
360 0
408 0
801 0
850 0
923 0
34 0
233 0
399 0
205 0
723 0
758 0
248 0
112 0
209 0
855 0
76 0
228 0
558 0
1058 0
345 0
1099 0
760 0
186 0
379 0
181 0
561 0
125 0
548 0
807 0
950 0
638 0
143 0
71 0
653 0
638 0
609 0
422 0
20 0
870 0
1123 0
428 0
724 0
899 0
1121 0
510 0
540 0
358 0
920 0
114 0
1167 0
914 0
456 0
44 0
168 0
1053 0
83 0
1057 0
439 0
761 0
899 0
732 0
137 0
1127 0
301 0
803 0
310 0
369 0
493 0
685 0
244 0
412 0
290 0
983 0
860 0
287 0
1177 0
280 0
545 0
645 0
617 0
252 0
1155 0
81 0
1013 0
122 0
1039 0
114 0
609 0
1091 0
837 0
551 0
473 0
1029 0
475 0
881 0
484 0
28 0
808 0
41 0
1067 0
98 0
1016 0
375 0
1035 0
1047 0
914 0
394 0
843 0
180 0
8 0
784 0
1133 0
467 0
828 0
1181 0
1091 0
177 0
981 0
52 0
70 0
601 0
909 0
588 0
553 0
1191 0
26 0
262 0
975 0
370 0
662 0
171 0
349 0
215 0
708 0
1238 0
259 0
52 0
786 0
190 0
858 0
685 0
372 0
433 0
830 0
199 0
1048 0
818 0
1001 0
1053 0
1011 0
993 0
1191 0
85 0
1068 0
281 0
776 0
122 0
507 0
1112 0
871 0
868 0
80 0
865 0
267 0
1025 0
160 0
1089 0
657 0
118 0
1210 0
793 0
414 0
10 0
991 0
434 0
888 0
873 0
151 0
560 0
32 0
561 0
114 0
1178 0
634 0
606 0
14 0
276 0
129 0
762 0
392 0
769 0
960 0
980 0
816 0
711 0
449 0
953 0
1150 0
669 0
29 0
101 0
735 0
303 0
121 0
25 0
32 0
557 0
847 0
647 0
743 0
514 0
248 0
871 0
128 0
717 0
256 0
371 0
618 0
794 0
459 0
443 0
1136 0
525 0
256 0
673 0
1233 0
637 0
522 0
409 0
264 0
116 0
724 0
89 0
614 0
949 0
879 0
737 0
1013 0
192 0
1094 0
1154 0
657 0
982 0
1009 0
10 0
980 0
1237 0
1185 0
1174 0
1162 0
546 0
195 0
806 0
1208 0
262 0
865 0
1131 0
554 0
376 0
395 0
803 0
250 0
366 0
512 0
1154 0
912 0
713 0
41 0
629 0
609 0
869 0
638 0
491 0
1232 0
479 0
330 0
278 0
413 0
545 0
777 0
1341 0
1234 0
212 0
414 0
1133 0
377 0
512 0
1307 0
466 0
127 0
37 0
281 0
825 0
131 0
1252 0
910 0
488 0
1148 0
1250 0
1244 0
283 0
1375 0
728 0
68 0
1088 0
411 0
813 0
595 0
939 0
228 0
917 0
868 0
1066 0
234 0
1195 0
230 0
801 0
934 0
763 0
504 0
821 0
1290 0
14 0
13 0
620 0
515 0
1310 0
618 0
651 0
690 0
736 0
817 0
1022 0
651 0
593 0
1450 0
1330 0
118 0
44 0
1242 0
805 0
1375 0
112 0
510 0
43 0
447 0
382 0
1097 0
366 0
347 0
1261 0
182 0
1078 0
503 0
243 0
406 0
1357 0
702 0
3 0
155 0
491 0
695 0
1057 0
1158 0
1285 0
1289 0
481 0
167 0
449 0
398 0
1132 0
149 0
1020 0
1144 0
246 0
1253 0
610 0
217 0
657 0
1017 0
816 0
1252 0
94 0
293 0
660 0
180 0
118 0
156 0
1278 0
56 0
521 0
1329 0
408 0
344 0
595 0
89 0
1146 0
1014 0
337 0
1168 0
718 0
684 0
1033 0
103 0
1216 0
324 0
344 0
1519 0
1469 0
732 0
639 0
619 0
1171 0
942 0
186 0
218 0
1039 0
941 0
656 0
628 0
1001 0
1009 0
333 0
420 0
1498 0
144 0
700 0
1010 0
932 0
147 0
1301 0
321 0
999 0
1320 0
1027 0
1151 0
85 0
1083 0
750 0
992 0
926 0
796 0
419 0
451 0
304 0
519 0
949 0
231 0
1447 0
775 0
774 0
875 0
1232 0
952 0
657 0
96 0
89 0
1456 0
417 0
177 0
1034 0
1062 0
1155 0
439 0
301 0
1390 0
1364 0
271 0
3 0
1363 0
1243 0
1421 0
891 0
1281 0
301 0
782 0
1237 0
849 0
765 0
1266 0
219 0
936 0
44 0
791 0
1156 0
910 0
1530 0
265 0
13 0
1123 0
1316 0
40 0
270 0
1263 0
721 0
544 0
1345 0
299 0
1280 0
591 0
1282 0
159 0
95 0
1042 0
118 0
118 0
1479 0
1436 0
751 0
196 0
34 0
373 0
1549 0
1349 0
144 0
1379 0
1426 0
873 0
156 0
588 0
1038 0
485 0
1628 0
368 0
423 0
704 0
713 0
1089 0
1185 0
1256 0
1092 0
1408 0
741 0
943 0
983 0
578 0
222 0
1370 0
1081 0
1327 0
658 0
1321 0
1429 0
838 0
668 0
1466 0
524 0
117 0
1580 0
1159 0
190 0
1635 0
1380 0
1489 0
1245 0
1120 0
1140 0
1401 0
1549 0
289 0
462 0
95 0
368 0
880 0
886 0
1335 0
635 0
721 0
1546 0
830 0
742 0
247 0
206 0
409 0
1676 0
366 0
360 0
1095 0
1215 0
819 0
796 0
699 0
806 0
1520 0
815 0
1654 0
361 0
628 0
1231 0
1226 0
167 0
1637 0
1033 0
1542 0
1223 0
796 0
368 0
1078 0
1312 0
942 0
572 0
384 0
1633 0
1721 0
1115 0
1562 0
712 0
1640 0
81 0
1668 0
1626 0
121 0
52 0
682 0
1313 0
548 0
1591 0
195 0
970 0
922 0
1163 0
1071 0
883 0
67 0
1552 0
867 0
117 0
1481 0
1059 0
164 0
1107 0
838 0
1586 0
360 0
662 0
921 0
710 0
1652 0
625 0
1151 0
1750 0
1286 0
605 0
352 0
1058 0
487 0
411 0
1219 0
620 0
343 0
1558 0
491 0
387 0
816 0
1291 0
502 0
708 0
1675 0
1732 0
524 0
967 0
322 0
1018 0
1221 0
62 0
614 0
92 0
269 0
945 0
1196 0
211 0
1399 0
1529 0
614 0
442 0
1344 0
1020 0
567 0
990 0
302 0
518 0
570 0
970 0
1447 0
1381 0
1710 0
379 0
619 0
565 0
1748 0
170 0
602 0
1612 0
1174 0
778 0
623 0
158 0
1216 0
708 0
617 0
1725 0
1456 0
1298 0
1721 0
985 0
421 0
427 0
532 0
995 0
228 0
1769 0
865 0
1117 0
298 0
334 0
807 0
632 0
245 0
1783 0
1142 0
4 0
195 0
217 0
746 0
122 0
1618 0
1619 0
375 0
1636 0
1815 0
1580 0
1139 0
982 0
977 0
88 0
20 0
790 0
50 0
843 0
1745 0
368 0
1017 0
1452 0
1111 0
1161 0
1783 0
799 0
1844 0
1499 0
953 0
593 0
298 0
1711 0
1471 0
115 0
187 0
149 0
465 0
1406 0
1807 0
70 0
965 0
243 0
513 0
1384 0
384 0
511 0
1259 0
175 0
366 0
1281 0
1133 0
1101 0
884 0
842 0
1608 0
66 0
109 0
343 0
1698 0
808 0
203 0
1699 0
1054 0
567 0
250 0
1600 0
1264 0
1065 0
1458 0
523 0
635 0
142 0
1330 0
528 0
216 0
663 0
153 0
649 0
554 0
1830 0
739 0
1447 0
1863 0
312 0
1569 0
1173 0
1858 0
936 0
182 0
1458 0
319 0
1894 0
1076 0
1281 0
711 0
1053 0
647 0
153 0
400 0
186 0
110 0
1919 0
1107 0
386 0
347 0
1059 0
921 0
1256 0
548 0
1764 0
1914 0
858 0
1819 0
235 0
1193 0
1179 0
236 0
74 0
501 0
1524 0
164 0
144 0
442 0
1916 0
1509 0
331 0
1114 0
367 0
1805 0
1368 0
1798 0
1016 0
291 0
1216 0
1378 0
524 0
1150 0
223 0
1024 0
1321 0
517 0
1890 0
190 0
1707 0
1944 0
1789 0
395 0
555 0
885 0
837 0
1789 0
420 0
507 0
660 0
188 0
1172 0
1549 0
129 0
921 0
