2000 10
1 0
2 0
3 0
1 0
1 0
6 0
3 0
4 0
1 0
9 0
1 0
4 0
13 0
11 0
12 0
12 0
14 0
4 0
8 0
8 0
20 0
15 0
21 0
5 0
24 0
12 0
23 0
3 0
23 0
6 0
24 0
21 0
29 0
31 0
28 0
26 0
9 0
8 0
8 0
5 0
11 0
27 0
22 0
33 0
11 0
34 0
12 0
29 0
33 0
35 0
41 0
32 0
6 0
8 0
18 0
44 0
5 0
19 0
14 0
51 0
48 0
18 0
29 0
36 0
64 0
11 0
15 0
57 0
65 0
24 0
54 0
11 0
7 0
20 0
32 0
3 0
17 0
9 0
11 0
10 0
72 0
59 0
80 0
1 0
6 0
46 0
66 0
9 0
19 0
80 0
9 0
7 0
91 0
59 0
79 0
80 0
73 0
21 0
17 0
37 0
53 0
34 0
33 0
102 0
43 0
18 0
55 0
10 0
45 0
77 0
59 0
5 0
77 0
5 0
36 0
15 0
67 0
65 0
113 0
99 0
49 0
43 0
49 0
124 0
25 0
27 0
102 0
121 0
89 0
35 0
123 0
17 0
54 0
37 0
99 0
134 0
49 0
131 0
76 0
66 0
139 0
97 0
102 0
108 0
129 0
97 0
6 0
114 0
8 0
33 0
55 0
121 0
104 0
104 0
30 0
111 0
68 0
94 0
31 0
159 0
66 0
130 0
162 0
79 0
104 0
20 0
23 0
4 0
13 0
67 0
16 0
63 0
42 0
35 0
97 0
17 0
77 0
68 0
124 0
10 0
26 0
110 0
92 0
53 0
127 0
123 0
1 0
150 0
169 0
65 0
35 0
66 0
39 0
48 0
86 0
149 0
187 0
181 0
32 0
134 0
36 0
60 0
81 0
129 0
90 0
102 0
200 0
50 0
57 0
140 0
87 0
108 0
140 0
84 0
179 0
198 0
26 0
127 0
146 0
114 0
178 0
144 0
3 0
194 0
12 0
122 0
223 0
177 0
173 0
62 0
132 0
205 0
145 0
78 0
181 0
3 0
73 0
41 0
20 0
177 0
31 0
202 0
216 0
146 0
7 0
71 0
19 0
76 0
13 0
157 0
235 0
148 0
175 0
20 0
175 0
255 0
165 0
206 0
135 0
242 0
186 0
221 0
174 0
209 0
204 0
163 0
246 0
183 0
107 0
110 0
54 0
92 0
126 0
72 0
188 0
29 0
247 0
107 0
2 0
118 0
139 0
193 0
123 0
14 0
123 0
233 0
267 0
249 0
274 0
9 0
169 0
283 0
50 0
57 0
125 0
259 0
53 0
139 0
86 0
240 0
176 0
54 0
266 0
132 0
155 0
87 0
223 0
209 0
240 0
238 0
81 0
38 0
226 0
217 0
72 0
149 0
36 0
145 0
107 0
304 0
143 0
117 0
281 0
130 0
109 0
171 0
70 0
1 0
122 0
192 0
255 0
314 0
127 0
304 0
161 0
330 0
217 0
278 0
23 0
78 0
226 0
33 0
225 0
123 0
46 0
279 0
299 0
166 0
151 0
126 0
261 0
228 0
327 0
94 0
15 0
13 0
236 0
267 0
83 0
244 0
89 0
84 0
196 0
101 0
262 0
366 0
191 0
12 0
65 0
13 0
284 0
272 0
260 0
16 0
261 0
221 0
115 0
341 0
141 0
219 0
379 0
187 0
87 0
341 0
160 0
257 0
256 0
90 0
58 0
91 0
337 0
300 0
59 0
311 0
243 0
289 0
20 0
105 0
246 0
188 0
233 0
19 0
168 0
355 0
205 0
212 0
71 0
195 0
233 0
311 0
298 0
21 0
234 0
60 0
102 0
323 0
233 0
210 0
186 0
324 0
121 0
403 0
117 0
154 0
335 0
63 0
2 0
133 0
38 0
400 0
125 0
232 0
395 0
427 0
1 0
295 0
412 0
431 0
167 0
383 0
383 0
145 0
116 0
33 0
66 0
166 0
392 0
429 0
314 0
60 0
327 0
66 0
319 0
37 0
259 0
396 0
168 0
177 0
39 0
235 0
227 0
179 0
49 0
434 0
449 0
59 0
49 0
196 0
103 0
95 0
456 0
384 0
393 0
209 0
59 0
65 0
56 0
205 0
378 0
341 0
294 0
335 0
457 0
410 0
207 0
377 0
24 0
459 0
486 0
237 0
164 0
78 0
215 0
225 0
495 0
56 0
13 0
498 0
302 0
242 0
242 0
6 0
370 0
373 0
423 0
35 0
371 0
314 0
464 0
131 0
161 0
122 0
484 0
437 0
489 0
14 0
19 0
278 0
166 0
255 0
207 0
144 0
45 0
290 0
517 0
309 0
240 0
476 0
412 0
458 0
6 0
466 0
460 0
206 0
136 0
120 0
393 0
425 0
16 0
433 0
279 0
198 0
38 0
156 0
402 0
103 0
264 0
160 0
161 0
197 0
65 0
296 0
160 0
192 0
547 0
459 0
247 0
371 0
200 0
124 0
10 0
110 0
195 0
298 0
160 0
345 0
233 0
56 0
238 0
560 0
3 0
276 0
360 0
287 0
202 0
315 0
534 0
91 0
135 0
535 0
241 0
52 0
493 0
335 0
20 0
215 0
362 0
541 0
26 0
264 0
212 0
570 0
542 0
420 0
148 0
359 0
132 0
195 0
539 0
517 0
273 0
477 0
468 0
309 0
445 0
46 0
232 0
407 0
2 0
508 0
431 0
314 0
161 0
261 0
77 0
562 0
295 0
497 0
219 0
496 0
609 0
381 0
621 0
388 0
607 0
9 0
42 0
321 0
164 0
542 0
381 0
390 0
570 0
168 0
577 0
418 0
312 0
332 0
477 0
624 0
375 0
272 0
393 0
171 0
244 0
368 0
11 0
354 0
167 0
324 0
95 0
15 0
590 0
612 0
292 0
572 0
37 0
604 0
60 0
400 0
140 0
224 0
560 0
277 0
223 0
601 0
89 0
460 0
232 0
25 0
627 0
582 0
143 0
91 0
360 0
272 0
608 0
430 0
655 0
255 0
477 0
198 0
435 0
344 0
282 0
630 0
497 0
96 0
560 0
641 0
517 0
276 0
366 0
125 0
66 0
457 0
17 0
632 0
284 0
496 0
434 0
423 0
96 0
281 0
81 0
18 0
265 0
71 0
305 0
514 0
424 0
578 0
566 0
587 0
532 0
582 0
211 0
616 0
384 0
530 0
562 0
135 0
592 0
89 0
532 0
622 0
268 0
610 0
647 0
147 0
9 0
200 0
617 0
224 0
143 0
73 0
677 0
411 0
610 0
615 0
570 0
318 0
143 0
681 0
364 0
201 0
174 0
637 0
529 0
468 0
252 0
128 0
511 0
508 0
391 0
703 0
16 0
577 0
205 0
743 0
305 0
92 0
335 0
553 0
25 0
593 0
334 0
54 0
667 0
713 0
108 0
275 0
493 0
226 0
428 0
741 0
52 0
80 0
339 0
281 0
681 0
439 0
405 0
348 0
607 0
447 0
598 0
202 0
610 0
329 0
767 0
642 0
35 0
355 0
388 0
448 0
496 0
768 0
289 0
192 0
63 0
350 0
42 0
781 0
361 0
30 0
291 0
254 0
734 0
40 0
553 0
474 0
476 0
564 0
609 0
212 0
146 0
638 0
102 0
510 0
723 0
242 0
501 0
418 0
356 0
626 0
739 0
755 0
671 0
40 0
661 0
775 0
272 0
618 0
691 0
775 0
710 0
28 0
225 0
141 0
403 0
823 0
554 0
464 0
166 0
183 0
325 0
234 0
209 0
810 0
387 0
180 0
689 0
666 0
748 0
367 0
475 0
337 0
749 0
175 0
383 0
775 0
187 0
43 0
841 0
698 0
218 0
411 0
573 0
296 0
623 0
600 0
640 0
283 0
273 0
38 0
418 0
145 0
791 0
508 0
574 0
504 0
123 0
114 0
300 0
161 0
407 0
304 0
45 0
698 0
9 0
169 0
446 0
617 0
139 0
204 0
541 0
430 0
798 0
836 0
505 0
389 0
847 0
640 0
752 0
496 0
857 0
742 0
657 0
127 0
635 0
204 0
551 0
40 0
449 0
741 0
68 0
585 0
654 0
719 0
862 0
747 0
267 0
311 0
474 0
212 0
427 0
202 0
699 0
201 0
648 0
101 0
830 0
58 0
557 0
245 0
284 0
102 0
413 0
647 0
268 0
703 0
45 0
184 0
904 0
507 0
730 0
773 0
748 0
878 0
647 0
219 0
326 0
506 0
334 0
182 0
662 0
749 0
728 0
837 0
778 0
45 0
768 0
332 0
156 0
379 0
160 0
895 0
24 0
91 0
546 0
121 0
621 0
906 0
772 0
674 0
852 0
313 0
685 0
890 0
432 0
394 0
920 0
947 0
187 0
908 0
904 0
323 0
119 0
838 0
56 0
93 0
792 0
369 0
252 0
823 0
173 0
2 0
174 0
927 0
63 0
793 0
86 0
132 0
552 0
981 0
615 0
792 0
181 0
699 0
701 0
980 0
571 0
399 0
292 0
961 0
298 0
128 0
658 0
100 0
1016 0
496 0
171 0
306 0
854 0
141 0
613 0
132 0
792 0
513 0
897 0
883 0
261 0
988 0
510 0
536 0
657 0
284 0
118 0
1035 0
101 0
761 0
174 0
83 0
590 0
373 0
206 0
212 0
495 0
872 0
482 0
347 0
637 0
707 0
554 0
132 0
416 0
422 0
110 0
458 0
680 0
701 0
162 0
956 0
228 0
926 0
969 0
753 0
807 0
960 0
624 0
1004 0
305 0
322 0
1031 0
803 0
864 0
134 0
716 0
1060 0
20 0
166 0
598 0
466 0
248 0
65 0
924 0
723 0
438 0
588 0
744 0
184 0
198 0
13 0
355 0
434 0
687 0
877 0
462 0
602 0
991 0
476 0
108 0
649 0
1100 0
877 0
252 0
148 0
47 0
1035 0
1037 0
384 0
92 0
652 0
519 0
1110 0
939 0
636 0
557 0
703 0
754 0
897 0
68 0
1012 0
265 0
581 0
606 0
526 0
494 0
1015 0
526 0
1021 0
552 0
658 0
991 0
820 0
395 0
1096 0
649 0
219 0
1117 0
816 0
1 0
450 0
1002 0
1142 0
1004 0
36 0
399 0
365 0
812 0
104 0
452 0
900 0
501 0
140 0
1090 0
19 0
212 0
838 0
130 0
1034 0
902 0
853 0
223 0
277 0
426 0
779 0
525 0
1110 0
417 0
378 0
756 0
678 0
370 0
57 0
743 0
358 0
15 0
506 0
477 0
436 0
717 0
686 0
50 0
265 0
102 0
858 0
659 0
233 0
654 0
347 0
1070 0
100 0
565 0
842 0
803 0
1180 0
69 0
608 0
1083 0
397 0
360 0
1162 0
281 0
89 0
931 0
365 0
1084 0
876 0
524 0
717 0
122 0
388 0
76 0
1137 0
1018 0
365 0
547 0
265 0
326 0
563 0
770 0
29 0
512 0
1149 0
1095 0
552 0
1099 0
467 0
1099 0
65 0
630 0
370 0
345 0
699 0
41 0
17 0
945 0
429 0
1224 0
520 0
648 0
1098 0
1207 0
383 0
784 0
1105 0
621 0
82 0
822 0
484 0
522 0
493 0
147 0
204 0
333 0
758 0
454 0
1035 0
689 0
699 0
170 0
368 0
1038 0
663 0
581 0
129 0
645 0
190 0
850 0
1083 0
1004 0
142 0
20 0
711 0
512 0
785 0
817 0
878 0
151 0
1240 0
701 0
109 0
735 0
216 0
1233 0
1217 0
707 0
1149 0
1093 0
1191 0
218 0
1127 0
667 0
1083 0
257 0
897 0
1151 0
156 0
521 0
162 0
729 0
734 0
318 0
194 0
986 0
1269 0
217 0
160 0
1224 0
136 0
711 0
218 0
1034 0
706 0
644 0
1195 0
971 0
634 0
121 0
531 0
710 0
83 0
336 0
433 0
1169 0
948 0
1199 0
1191 0
396 0
304 0
25 0
455 0
9 0
1285 0
3 0
525 0
443 0
117 0
613 0
1219 0
565 0
799 0
1021 0
1164 0
401 0
185 0
396 0
584 0
584 0
808 0
802 0
220 0
230 0
1121 0
345 0
196 0
103 0
761 0
1207 0
1285 0
504 0
1325 0
28 0
1213 0
1271 0
1218 0
420 0
1140 0
523 0
657 0
99 0
508 0
289 0
755 0
347 0
1347 0
754 0
1261 0
656 0
641 0
524 0
1307 0
881 0
50 0
18 0
732 0
1073 0
237 0
356 0
236 0
1026 0
78 0
269 0
1343 0
938 0
910 0
616 0
652 0
479 0
1023 0
759 0
858 0
62 0
708 0
149 0
580 0
1200 0
1249 0
751 0
793 0
678 0
1304 0
1226 0
980 0
1094 0
413 0
1026 0
1168 0
985 0
740 0
229 0
603 0
937 0
165 0
82 0
754 0
949 0
882 0
323 0
1219 0
1239 0
32 0
575 0
477 0
407 0
745 0
254 0
1202 0
840 0
1288 0
607 0
1399 0
764 0
636 0
1293 0
265 0
608 0
1199 0
248 0
1129 0
576 0
1368 0
804 0
568 0
1340 0
302 0
497 0
439 0
599 0
961 0
822 0
38 0
800 0
35 0
533 0
1360 0
838 0
101 0
1071 0
29 0
607 0
403 0
115 0
857 0
668 0
10 0
839 0
1219 0
754 0
1212 0
140 0
1251 0
411 0
984 0
1304 0
321 0
429 0
606 0
462 0
152 0
144 0
722 0
1212 0
455 0
209 0
670 0
1378 0
48 0
412 0
264 0
1119 0
645 0
223 0
1070 0
925 0
617 0
1276 0
700 0
1414 0
890 0
274 0
926 0
958 0
126 0
1013 0
122 0
291 0
1160 0
942 0
385 0
777 0
1398 0
563 0
387 0
832 0
1501 0
701 0
847 0
589 0
1294 0
681 0
615 0
1164 0
234 0
1440 0
82 0
1177 0
738 0
482 0
850 0
1081 0
1063 0
130 0
1279 0
554 0
817 0
51 0
911 0
1299 0
299 0
815 0
1382 0
218 0
297 0
1453 0
675 0
486 0
440 0
674 0
26 0
1285 0
1436 0
1092 0
1082 0
239 0
1484 0
1334 0
1561 0
1099 0
1467 0
1421 0
1188 0
605 0
1496 0
232 0
1273 0
1333 0
1106 0
525 0
838 0
1017 0
860 0
573 0
223 0
84 0
361 0
499 0
1036 0
1529 0
943 0
490 0
491 0
1323 0
1224 0
153 0
1492 0
1578 0
1579 0
1359 0
888 0
1524 0
682 0
564 0
602 0
1007 0
1110 0
722 0
234 0
661 0
1312 0
115 0
1401 0
475 0
1193 0
1473 0
717 0
1394 0
370 0
1056 0
860 0
854 0
668 0
1199 0
1424 0
468 0
1188 0
1169 0
1551 0
1507 0
359 0
1015 0
1489 0
1390 0
1117 0
384 0
324 0
677 0
1153 0
1242 0
236 0
461 0
1447 0
461 0
957 0
963 0
564 0
798 0
1459 0
832 0
408 0
395 0
1387 0
1339 0
110 0
1323 0
1257 0
1080 0
1057 0
76 0
593 0
1481 0
96 0
1120 0
949 0
1554 0
398 0
923 0
1349 0
699 0
337 0
1667 0
577 0
414 0
1131 0
1473 0
15 0
1515 0
155 0
1586 0
319 0
1433 0
99 0
66 0
997 0
1231 0
612 0
1531 0
56 0
161 0
228 0
19 0
410 0
15 0
662 0
61 0
262 0
715 0
292 0
882 0
570 0
274 0
335 0
1425 0
1669 0
1333 0
376 0
1576 0
1035 0
639 0
576 0
742 0
480 0
1602 0
1711 0
1487 0
84 0
1531 0
552 0
721 0
147 0
264 0
583 0
1568 0
1251 0
679 0
713 0
21 0
1036 0
744 0
1182 0
1706 0
1381 0
1720 0
1585 0
527 0
642 0
1099 0
625 0
134 0
1262 0
1145 0
481 0
1035 0
510 0
1114 0
628 0
132 0
284 0
738 0
1201 0
575 0
339 0
609 0
31 0
974 0
544 0
821 0
825 0
1692 0
426 0
1082 0
798 0
774 0
264 0
345 0
488 0
1694 0
1366 0
1245 0
1120 0
931 0
1461 0
823 0
1215 0
603 0
536 0
1664 0
479 0
1602 0
365 0
393 0
719 0
538 0
1193 0
70 0
1725 0
1541 0
720 0
827 0
1446 0
1742 0
936 0
1269 0
383 0
1154 0
657 0
1601 0
900 0
207 0
355 0
1547 0
1216 0
1483 0
720 0
1204 0
667 0
166 0
1436 0
1505 0
1574 0
1570 0
161 0
1000 0
1809 0
978 0
1643 0
1125 0
1587 0
340 0
1717 0
493 0
464 0
266 0
483 0
979 0
900 0
1289 0
261 0
377 0
1182 0
855 0
353 0
1538 0
573 0
175 0
1330 0
967 0
1251 0
466 0
621 0
1670 0
1398 0
1244 0
326 0
1315 0
177 0
1746 0
377 0
572 0
270 0
1198 0
1591 0
203 0
1207 0
304 0
1239 0
1054 0
1023 0
28 0
1137 0
632 0
1500 0
810 0
688 0
478 0
19 0
142 0
1034 0
549 0
1129 0
1296 0
778 0
426 0
95 0
1396 0
1521 0
1248 0
1454 0
235 0
771 0
898 0
383 0
1874 0
520 0
384 0
635 0
826 0
650 0
63 0
1566 0
1648 0
897 0
135 0
791 0
590 0
1044 0
1272 0
362 0
931 0
424 0
1665 0
267 0
1667 0
601 0
603 0
649 0
637 0
246 0
965 0
1304 0
1086 0
1103 0
19 0
496 0
607 0
1267 0
1355 0
1852 0
1245 0
1809 0
1661 0
91 0
461 0
1021 0
887 0
1759 0
436 0
777 0
601 0
1918 0
317 0
1477 0
507 0
331 0
1298 0
293 0
1912 0
1392 0
286 0
1044 0
547 0
1262 0
541 0
1883 0
1592 0
918 0
1442 0
1502 0
810 0
953 0
835 0
824 0
286 0
353 0
87 0
195 0
1551 0
557 0
756 0
1033 0
1616 0
1598 0
1617 0
1942 0
553 0
919 0
295 0
126 0
545 0
1472 0
617 0
267 0
779 0
1058 0
1563 0
17 0
714 0
1450 0
1963 0
1452 0
341 0
884 0
1540 0
1778 0
1225 0
607 0
473 0
981 0
1192 0
655 0
1239 0
1818 0
490 0
1876 0
924 0
307 0
1712 0
