2000 5
1 0
1 0
3 0
4 0
1 0
5 0
2 0
4 0
1 0
9 0
6 0
5 0
13 0
10 0
9 0
12 0
4 0
11 0
1 0
11 0
5 0
1 0
18 0
1 0
13 0
1 0
12 0
21 0
12 0
27 0
14 0
28 0
31 0
24 0
6 0
5 0
31 0
6 0
23 0
27 0
30 0
20 0
12 0
26 0
17 0
17 0
37 0
31 0
36 0
35 0
49 0
52 0
46 0
30 0
10 0
33 0
45 0
9 0
52 0
39 0
3 0
33 0
22 0
55 0
29 0
36 0
32 0
39 0
69 0
41 0
4 0
35 0
16 0
10 0
24 0
32 0
46 0
25 0
52 0
36 0
59 0
9 0
50 0
2 0
45 0
11 0
22 0
25 0
25 0
49 0
44 0
62 0
15 0
46 0
33 0
4 0
76 0
3 0
72 0
86 0
8 0
86 0
78 0
76 0
55 0
67 0
72 0
23 0
13 0
32 0
40 0
105 0
27 0
45 0
74 0
6 0
55 0
104 0
101 0
35 0
104 0
97 0
11 0
17 0
101 0
37 0
92 0
34 0
49 0
61 0
16 0
94 0
14 0
18 0
5 0
62 0
21 0
81 0
110 0
124 0
106 0
115 0
85 0
95 0
145 0
91 0
39 0
78 0
40 0
3 0
110 0
126 0
49 0
28 0
148 0
70 0
125 0
134 0
116 0
49 0
127 0
67 0
113 0
23 0
130 0
35 0
104 0
161 0
20 0
118 0
161 0
117 0
42 0
22 0
37 0
135 0
98 0
162 0
158 0
88 0
98 0
150 0
14 0
1 0
30 0
107 0
3 0
172 0
122 0
34 0
35 0
81 0
62 0
19 0
50 0
121 0
137 0
119 0
199 0
29 0
120 0
139 0
163 0
187 0
186 0
16 0
191 0
127 0
174 0
15 0
150 0
186 0
122 0
161 0
135 0
174 0
161 0
198 0
1 0
103 0
144 0
119 0
64 0
34 0
36 0
74 0
139 0
196 0
88 0
94 0
193 0
130 0
112 0
38 0
143 0
74 0
145 0
230 0
142 0
72 0
89 0
236 0
77 0
58 0
124 0
72 0
7 0
35 0
167 0
26 0
154 0
54 0
25 0
63 0
178 0
67 0
190 0
194 0
105 0
160 0
100 0
198 0
25 0
105 0
261 0
52 0
29 0
91 0
5 0
250 0
137 0
211 0
207 0
24 0
265 0
218 0
234 0
157 0
140 0
98 0
17 0
116 0
152 0
243 0
256 0
189 0
216 0
278 0
234 0
215 0
203 0
257 0
132 0
107 0
45 0
184 0
29 0
89 0
152 0
256 0
183 0
193 0
298 0
222 0
205 0
110 0
281 0
308 0
85 0
85 0
102 0
250 0
93 0
2 0
252 0
49 0
151 0
287 0
88 0
186 0
234 0
247 0
227 0
163 0
288 0
317 0
307 0
96 0
238 0
35 0
140 0
230 0
111 0
329 0
85 0
58 0
211 0
58 0
295 0
78 0
327 0
263 0
25 0
98 0
305 0
95 0
153 0
315 0
7 0
22 0
25 0
335 0
321 0
324 0
186 0
134 0
119 0
222 0
150 0
209 0
67 0
206 0
353 0
233 0
351 0
221 0
288 0
232 0
64 0
82 0
160 0
94 0
185 0
281 0
67 0
372 0
146 0
364 0
247 0
179 0
98 0
162 0
300 0
373 0
80 0
228 0
97 0
206 0
149 0
60 0
331 0
379 0
55 0
322 0
67 0
325 0
309 0
217 0
387 0
54 0
129 0
142 0
167 0
378 0
305 0
123 0
87 0
350 0
8 0
37 0
223 0
188 0
287 0
130 0
276 0
396 0
309 0
105 0
104 0
31 0
268 0
229 0
304 0
86 0
250 0
388 0
88 0
227 0
323 0
50 0
143 0
261 0
84 0
297 0
233 0
47 0
437 0
235 0
22 0
90 0
412 0
158 0
56 0
210 0
78 0
312 0
236 0
179 0
403 0
139 0
330 0
25 0
187 0
125 0
252 0
74 0
90 0
74 0
133 0
37 0
168 0
384 0
291 0
310 0
224 0
328 0
240 0
462 0
108 0
67 0
220 0
262 0
285 0
23 0
351 0
472 0
443 0
381 0
291 0
140 0
38 0
313 0
179 0
376 0
30 0
262 0
151 0
39 0
450 0
345 0
202 0
204 0
302 0
22 0
190 0
375 0
314 0
231 0
309 0
329 0
268 0
487 0
96 0
436 0
71 0
237 0
443 0
464 0
437 0
227 0
15 0
438 0
167 0
393 0
131 0
60 0
255 0
152 0
502 0
357 0
376 0
313 0
394 0
308 0
441 0
470 0
58 0
265 0
88 0
398 0
106 0
366 0
417 0
75 0
372 0
435 0
495 0
379 0
386 0
249 0
131 0
69 0
307 0
465 0
25 0
502 0
139 0
224 0
23 0
415 0
497 0
524 0
540 0
516 0
516 0
449 0
137 0
479 0
40 0
173 0
250 0
523 0
184 0
107 0
255 0
125 0
273 0
378 0
249 0
3 0
530 0
274 0
458 0
273 0
564 0
317 0
5 0
162 0
397 0
542 0
574 0
503 0
514 0
532 0
13 0
16 0
81 0
308 0
86 0
367 0
95 0
209 0
260 0
217 0
196 0
418 0
294 0
587 0
305 0
371 0
75 0
412 0
335 0
161 0
154 0
182 0
282 0
378 0
433 0
569 0
164 0
573 0
514 0
552 0
383 0
461 0
35 0
379 0
355 0
499 0
371 0
317 0
216 0
502 0
367 0
69 0
576 0
609 0
398 0
103 0
503 0
580 0
320 0
587 0
294 0
513 0
348 0
406 0
182 0
519 0
325 0
115 0
181 0
274 0
85 0
75 0
150 0
594 0
599 0
524 0
17 0
546 0
470 0
608 0
149 0
621 0
110 0
635 0
580 0
6 0
503 0
456 0
573 0
403 0
471 0
592 0
158 0
221 0
509 0
265 0
17 0
653 0
540 0
86 0
442 0
60 0
330 0
2 0
512 0
66 0
590 0
171 0
617 0
470 0
216 0
96 0
447 0
347 0
205 0
455 0
555 0
652 0
227 0
313 0
312 0
368 0
645 0
425 0
373 0
65 0
589 0
359 0
46 0
472 0
108 0
578 0
113 0
650 0
243 0
417 0
568 0
604 0
235 0
121 0
484 0
578 0
544 0
551 0
203 0
371 0
702 0
421 0
147 0
510 0
46 0
494 0
370 0
686 0
490 0
254 0
598 0
210 0
436 0
547 0
729 0
380 0
561 0
184 0
218 0
717 0
319 0
713 0
443 0
214 0
163 0
278 0
383 0
748 0
342 0
571 0
359 0
644 0
48 0
696 0
126 0
138 0
87 0
708 0
659 0
29 0
2 0
135 0
424 0
12 0
349 0
387 0
315 0
665 0
106 0
150 0
486 0
217 0
637 0
310 0
375 0
585 0
161 0
50 0
21 0
354 0
780 0
620 0
663 0
765 0
489 0
348 0
456 0
243 0
191 0
10 0
323 0
525 0
29 0
196 0
706 0
375 0
656 0
793 0
61 0
463 0
106 0
93 0
508 0
47 0
344 0
382 0
71 0
230 0
566 0
379 0
53 0
214 0
612 0
812 0
717 0
80 0
436 0
791 0
272 0
261 0
647 0
54 0
363 0
493 0
305 0
509 0
507 0
671 0
58 0
450 0
31 0
255 0
3 0
418 0
796 0
397 0
84 0
597 0
672 0
99 0
297 0
307 0
25 0
642 0
150 0
213 0
701 0
236 0
349 0
522 0
750 0
116 0
644 0
767 0
74 0
703 0
561 0
322 0
577 0
788 0
62 0
239 0
551 0
487 0
274 0
449 0
654 0
128 0
4 0
410 0
789 0
10 0
199 0
718 0
261 0
600 0
683 0
535 0
112 0
848 0
658 0
81 0
45 0
691 0
327 0
136 0
510 0
58 0
58 0
851 0
840 0
798 0
753 0
362 0
230 0
328 0
59 0
833 0
55 0
605 0
239 0
495 0
621 0
817 0
831 0
120 0
309 0
223 0
275 0
554 0
625 0
222 0
683 0
41 0
688 0
96 0
401 0
283 0
60 0
806 0
342 0
608 0
255 0
481 0
337 0
891 0
414 0
482 0
253 0
374 0
165 0
378 0
523 0
435 0
216 0
714 0
444 0
255 0
815 0
890 0
928 0
41 0
241 0
85 0
393 0
716 0
124 0
498 0
542 0
557 0
392 0
107 0
686 0
723 0
159 0
85 0
696 0
836 0
685 0
117 0
123 0
101 0
109 0
300 0
211 0
344 0
539 0
483 0
912 0
593 0
772 0
923 0
329 0
810 0
193 0
68 0
246 0
690 0
662 0
333 0
848 0
485 0
476 0
653 0
194 0
566 0
957 0
882 0
942 0
472 0
423 0
266 0
692 0
420 0
348 0
94 0
877 0
467 0
731 0
926 0
615 0
677 0
316 0
451 0
997 0
114 0
300 0
263 0
559 0
193 0
787 0
735 0
599 0
230 0
919 0
631 0
156 0
170 0
686 0
337 0
602 0
435 0
599 0
285 0
671 0
452 0
921 0
988 0
998 0
189 0
395 0
918 0
77 0
302 0
234 0
1022 0
689 0
1014 0
148 0
546 0
375 0
758 0
821 0
295 0
747 0
620 0
231 0
306 0
131 0
633 0
212 0
477 0
938 0
169 0
390 0
143 0
883 0
1012 0
100 0
879 0
178 0
71 0
713 0
281 0
467 0
68 0
676 0
378 0
467 0
131 0
50 0
207 0
387 0
993 0
414 0
201 0
756 0
1064 0
223 0
89 0
764 0
64 0
428 0
17 0
819 0
207 0
831 0
672 0
670 0
123 0
364 0
145 0
433 0
107 0
36 0
596 0
1046 0
745 0
272 0
674 0
898 0
433 0
832 0
244 0
720 0
702 0
257 0
328 0
842 0
306 0
250 0
897 0
668 0
165 0
864 0
486 0
73 0
962 0
1036 0
955 0
156 0
205 0
1113 0
244 0
538 0
744 0
228 0
665 0
1073 0
573 0
883 0
424 0
220 0
426 0
432 0
691 0
369 0
868 0
270 0
728 0
845 0
685 0
759 0
994 0
974 0
78 0
906 0
660 0
46 0
1147 0
89 0
478 0
754 0
724 0
954 0
317 0
377 0
640 0
280 0
1134 0
142 0
792 0
247 0
346 0
1070 0
1158 0
1079 0
395 0
1036 0
1003 0
502 0
572 0
516 0
740 0
334 0
1020 0
803 0
359 0
624 0
687 0
676 0
990 0
633 0
1098 0
824 0
445 0
1021 0
1042 0
863 0
502 0
419 0
892 0
722 0
820 0
1033 0
146 0
155 0
274 0
1183 0
1035 0
1128 0
428 0
200 0
10 0
1183 0
987 0
218 0
775 0
204 0
1006 0
96 0
639 0
816 0
1166 0
109 0
191 0
722 0
160 0
1136 0
384 0
1096 0
844 0
857 0
20 0
764 0
937 0
1112 0
398 0
68 0
858 0
683 0
1189 0
371 0
281 0
829 0
477 0
1050 0
1188 0
1126 0
611 0
602 0
123 0
837 0
16 0
75 0
794 0
1170 0
1149 0
1010 0
264 0
750 0
1196 0
2 0
399 0
120 0
180 0
747 0
259 0
1241 0
512 0
1048 0
1003 0
322 0
1208 0
603 0
377 0
1181 0
1001 0
719 0
173 0
27 0
648 0
366 0
552 0
91 0
570 0
583 0
566 0
246 0
197 0
134 0
891 0
968 0
996 0
591 0
547 0
1147 0
14 0
455 0
442 0
305 0
655 0
1248 0
83 0
372 0
260 0
1093 0
926 0
48 0
1114 0
661 0
1299 0
1128 0
1198 0
1141 0
1073 0
728 0
125 0
39 0
1244 0
769 0
53 0
66 0
854 0
248 0
889 0
917 0
320 0
766 0
312 0
468 0
960 0
849 0
770 0
1224 0
860 0
133 0
8 0
953 0
969 0
562 0
891 0
110 0
845 0
109 0
1077 0
977 0
1108 0
256 0
401 0
985 0
1158 0
62 0
366 0
195 0
927 0
537 0
628 0
838 0
808 0
29 0
444 0
326 0
907 0
1046 0
575 0
377 0
808 0
1319 0
1318 0
184 0
512 0
769 0
702 0
21 0
585 0
344 0
917 0
923 0
1281 0
1365 0
794 0
512 0
121 0
1057 0
1200 0
934 0
295 0
1314 0
339 0
1247 0
1327 0
800 0
408 0
532 0
1217 0
1160 0
1280 0
242 0
57 0
1192 0
829 0
17 0
760 0
579 0
662 0
537 0
931 0
23 0
54 0
557 0
1004 0
91 0
932 0
124 0
1074 0
52 0
699 0
701 0
202 0
165 0
1383 0
867 0
165 0
108 0
93 0
927 0
468 0
727 0
843 0
843 0
429 0
1296 0
1356 0
921 0
593 0
293 0
1367 0
773 0
1411 0
256 0
360 0
1157 0
1077 0
672 0
1215 0
955 0
507 0
1326 0
303 0
1154 0
61 0
1436 0
1065 0
171 0
399 0
1133 0
1052 0
1094 0
1216 0
1345 0
66 0
252 0
319 0
1243 0
357 0
1436 0
250 0
1077 0
1133 0
525 0
1108 0
686 0
947 0
1214 0
1152 0
408 0
704 0
24 0
499 0
1285 0
109 0
1290 0
402 0
406 0
935 0
1004 0
1353 0
704 0
59 0
903 0
1313 0
757 0
911 0
954 0
1031 0
1472 0
375 0
342 0
859 0
883 0
327 0
1239 0
171 0
257 0
982 0
1426 0
1209 0
819 0
369 0
91 0
645 0
878 0
755 0
1318 0
526 0
851 0
1002 0
294 0
1266 0
314 0
1220 0
1395 0
973 0
618 0
668 0
36 0
856 0
432 0
33 0
1402 0
1449 0
248 0
495 0
597 0
1232 0
1308 0
1003 0
157 0
1346 0
398 0
663 0
1495 0
349 0
1406 0
1090 0
664 0
1373 0
1041 0
771 0
165 0
1498 0
1417 0
997 0
1050 0
1170 0
24 0
1507 0
707 0
1306 0
541 0
213 0
606 0
1050 0
1480 0
200 0
5 0
70 0
326 0
977 0
1397 0
645 0
1145 0
650 0
274 0
1565 0
176 0
1338 0
1414 0
1212 0
593 0
404 0
297 0
659 0
990 0
808 0
1333 0
892 0
1037 0
959 0
1055 0
1141 0
745 0
66 0
540 0
973 0
65 0
854 0
175 0
720 0
785 0
448 0
97 0
582 0
1564 0
1474 0
1265 0
973 0
224 0
1211 0
418 0
393 0
301 0
562 0
178 0
1501 0
1534 0
1435 0
504 0
773 0
635 0
1383 0
1473 0
955 0
1537 0
215 0
94 0
980 0
60 0
1161 0
1343 0
232 0
432 0
808 0
1074 0
171 0
312 0
211 0
965 0
1032 0
509 0
1318 0
937 0
163 0
1502 0
1314 0
1211 0
302 0
573 0
408 0
821 0
95 0
426 0
185 0
1571 0
208 0
556 0
1526 0
906 0
110 0
1172 0
389 0
1636 0
1386 0
665 0
473 0
226 0
906 0
1036 0
845 0
883 0
1505 0
121 0
473 0
1364 0
416 0
599 0
634 0
492 0
942 0
810 0
1565 0
61 0
874 0
1154 0
1051 0
1049 0
784 0
492 0
558 0
709 0
1109 0
477 0
21 0
1058 0
888 0
474 0
1307 0
1424 0
1303 0
1369 0
672 0
1608 0
152 0
1374 0
1621 0
1032 0
595 0
1470 0
1275 0
1231 0
322 0
145 0
203 0
712 0
574 0
1571 0
1047 0
1655 0
982 0
70 0
894 0
921 0
290 0
207 0
323 0
1539 0
671 0
600 0
614 0
370 0
1140 0
1294 0
1344 0
682 0
404 0
1602 0
1498 0
811 0
1150 0
225 0
1309 0
123 0
1282 0
1224 0
547 0
1725 0
731 0
186 0
483 0
252 0
1322 0
128 0
56 0
1362 0
1169 0
1568 0
1302 0
425 0
1538 0
1412 0
1378 0
328 0
995 0
475 0
477 0
1580 0
586 0
985 0
8 0
1661 0
902 0
1474 0
241 0
1417 0
1691 0
1232 0
43 0
794 0
407 0
1418 0
1661 0
693 0
1187 0
669 0
587 0
1050 0
1075 0
209 0
650 0
103 0
985 0
977 0
1687 0
276 0
1546 0
1365 0
1063 0
1328 0
1312 0
1032 0
1280 0
1189 0
37 0
1538 0
341 0
671 0
317 0
1052 0
1293 0
180 0
40 0
146 0
736 0
874 0
1599 0
276 0
679 0
951 0
312 0
199 0
647 0
14 0
1463 0
1706 0
693 0
796 0
1507 0
1456 0
958 0
56 0
1178 0
232 0
32 0
415 0
1462 0
718 0
858 0
142 0
52 0
894 0
375 0
669 0
1328 0
969 0
703 0
1111 0
1398 0
715 0
587 0
1192 0
1609 0
306 0
164 0
1209 0
565 0
259 0
364 0
290 0
946 0
820 0
222 0
1641 0
2 0
1197 0
201 0
714 0
465 0
279 0
65 0
1129 0
1174 0
14 0
1259 0
1077 0
1219 0
314 0
64 0
378 0
1596 0
1050 0
681 0
762 0
158 0
493 0
971 0
995 0
1207 0
435 0
1116 0
1550 0
541 0
1689 0
1155 0
628 0
899 0
1574 0
603 0
230 0
257 0
248 0
76 0
426 0
1497 0
1539 0
791 0
1872 0
527 0
372 0
113 0
1452 0
131 0
1478 0
1200 0
1361 0
676 0
563 0
11 0
899 0
1605 0
1583 0
1509 0
1529 0
178 0
1760 0
1133 0
34 0
1406 0
465 0
54 0
665 0
1388 0
813 0
372 0
1102 0
861 0
1714 0
589 0
1836 0
1096 0
1166 0
872 0
411 0
1799 0
1192 0
191 0
1610 0
1307 0
1266 0
1840 0
816 0
687 0
370 0
927 0
19 0
389 0
1320 0
524 0
437 0
1911 0
1559 0
475 0
803 0
593 0
116 0
1378 0
282 0
37 0
1225 0
483 0
1573 0
590 0
832 0
1415 0
1354 0
1933 0
1171 0
120 0
654 0
910 0
1940 0
382 0
611 0
1826 0
1935 0
458 0
661 0
1736 0
1125 0
797 0
1039 0
783 0
1770 0
136 0
1198 0
236 0
335 0
1280 0
1107 0
1961 0
441 0
58 0
753 0
775 0
1502 0
1336 0
354 0
217 0
634 0
