2000 10
1 0
2 0
3 0
4 0
4 0
4 0
6 0
7 0
9 0
9 0
6 0
9 0
2 0
8 0
9 0
7 0
13 0
17 0
5 0
10 0
16 0
7 0
1 0
2 0
3 0
22 0
10 0
25 0
24 0
21 0
21 0
24 0
24 0
21 0
16 0
27 0
14 0
1 0
11 0
17 0
28 0
10 0
28 0
37 0
29 0
27 0
8 0
37 0
36 0
28 0
25 0
37 0
41 0
27 0
15 0
36 0
42 0
5 0
3 0
37 0
33 0
53 0
31 0
30 0
58 0
4 0
7 0
8 0
41 0
63 0
59 0
3 0
67 0
55 0
75 0
37 0
3 0
32 0
45 0
19 0
68 0
37 0
42 0
30 0
58 0
71 0
4 0
22 0
49 0
74 0
41 0
6 0
12 0
32 0
38 0
53 0
20 0
51 0
77 0
89 0
33 0
28 0
17 0
38 0
88 0
88 0
106 0
15 0
47 0
7 0
107 0
51 0
82 0
93 0
83 0
16 0
85 0
109 0
29 0
82 0
51 0
92 0
112 0
72 0
124 0
92 0
63 0
125 0
82 0
111 0
124 0
83 0
24 0
130 0
115 0
3 0
5 0
108 0
4 0
9 0
111 0
36 0
136 0
35 0
128 0
73 0
23 0
118 0
137 0
136 0
98 0
31 0
107 0
55 0
124 0
67 0
57 0
15 0
109 0
118 0
29 0
140 0
42 0
162 0
58 0
114 0
147 0
88 0
123 0
106 0
157 0
16 0
129 0
13 0
85 0
69 0
112 0
61 0
97 0
146 0
68 0
70 0
53 0
21 0
66 0
121 0
80 0
94 0
120 0
73 0
27 0
32 0
88 0
58 0
87 0
170 0
32 0
142 0
146 0
166 0
133 0
162 0
3 0
141 0
16 0
85 0
187 0
87 0
147 0
135 0
179 0
183 0
51 0
94 0
1 0
36 0
127 0
80 0
91 0
79 0
148 0
156 0
123 0
27 0
68 0
37 0
223 0
227 0
211 0
225 0
10 0
141 0
8 0
29 0
118 0
114 0
74 0
165 0
127 0
187 0
238 0
231 0
34 0
60 0
203 0
34 0
123 0
131 0
33 0
69 0
112 0
49 0
75 0
166 0
212 0
7 0
200 0
215 0
25 0
105 0
150 0
243 0
246 0
182 0
89 0
112 0
94 0
261 0
162 0
161 0
136 0
127 0
108 0
259 0
230 0
215 0
150 0
89 0
186 0
84 0
259 0
186 0
192 0
156 0
33 0
281 0
13 0
100 0
227 0
12 0
180 0
97 0
155 0
94 0
89 0
183 0
187 0
211 0
165 0
72 0
211 0
141 0
22 0
149 0
107 0
35 0
41 0
30 0
22 0
256 0
266 0
278 0
200 0
270 0
155 0
76 0
228 0
155 0
173 0
306 0
82 0
280 0
157 0
257 0
31 0
143 0
233 0
169 0
102 0
209 0
284 0
4 0
14 0
293 0
260 0
155 0
242 0
318 0
137 0
331 0
148 0
249 0
163 0
313 0
137 0
285 0
340 0
13 0
59 0
246 0
72 0
81 0
101 0
195 0
158 0
86 0
17 0
154 0
155 0
44 0
153 0
231 0
362 0
114 0
93 0
169 0
48 0
339 0
74 0
95 0
283 0
233 0
75 0
273 0
357 0
300 0
73 0
193 0
276 0
143 0
349 0
190 0
364 0
289 0
288 0
73 0
137 0
88 0
387 0
342 0
41 0
361 0
382 0
51 0
91 0
12 0
389 0
397 0
27 0
251 0
67 0
348 0
208 0
175 0
33 0
217 0
3 0
129 0
19 0
394 0
390 0
122 0
111 0
181 0
52 0
98 0
370 0
172 0
6 0
403 0
31 0
319 0
46 0
110 0
11 0
366 0
386 0
160 0
176 0
101 0
253 0
117 0
54 0
77 0
363 0
419 0
216 0
231 0
428 0
327 0
131 0
93 0
400 0
10 0
115 0
211 0
349 0
20 0
169 0
206 0
139 0
223 0
200 0
255 0
357 0
428 0
80 0
205 0
75 0
416 0
241 0
377 0
170 0
191 0
290 0
116 0
416 0
8 0
106 0
450 0
183 0
422 0
60 0
166 0
459 0
410 0
321 0
410 0
97 0
439 0
144 0
68 0
181 0
148 0
221 0
445 0
428 0
115 0
172 0
484 0
200 0
49 0
161 0
413 0
150 0
299 0
416 0
327 0
195 0
225 0
70 0
224 0
218 0
349 0
384 0
440 0
88 0
44 0
370 0
438 0
93 0
331 0
511 0
374 0
224 0
163 0
128 0
443 0
63 0
284 0
332 0
262 0
390 0
352 0
153 0
467 0
243 0
199 0
20 0
454 0
98 0
524 0
227 0
62 0
289 0
14 0
90 0
73 0
419 0
179 0
166 0
259 0
487 0
432 0
340 0
441 0
121 0
6 0
206 0
274 0
426 0
301 0
421 0
10 0
29 0
427 0
216 0
402 0
351 0
165 0
539 0
492 0
390 0
20 0
275 0
152 0
565 0
32 0
137 0
173 0
217 0
211 0
163 0
397 0
54 0
70 0
549 0
83 0
379 0
66 0
360 0
16 0
475 0
319 0
323 0
582 0
253 0
343 0
159 0
57 0
138 0
211 0
17 0
72 0
438 0
392 0
428 0
331 0
354 0
203 0
289 0
420 0
446 0
548 0
262 0
604 0
37 0
109 0
120 0
194 0
45 0
491 0
266 0
601 0
430 0
3 0
118 0
323 0
330 0
217 0
127 0
150 0
596 0
259 0
185 0
602 0
333 0
242 0
240 0
440 0
394 0
551 0
1 0
167 0
122 0
178 0
355 0
466 0
507 0
389 0
454 0
504 0
422 0
429 0
251 0
294 0
589 0
495 0
191 0
128 0
344 0
395 0
500 0
5 0
95 0
68 0
201 0
508 0
317 0
505 0
572 0
201 0
561 0
379 0
586 0
610 0
483 0
629 0
18 0
270 0
382 0
558 0
13 0
179 0
265 0
432 0
58 0
85 0
209 0
164 0
434 0
455 0
217 0
131 0
593 0
398 0
645 0
437 0
572 0
350 0
227 0
492 0
675 0
101 0
59 0
225 0
176 0
348 0
472 0
517 0
68 0
368 0
582 0
136 0
73 0
575 0
147 0
196 0
373 0
53 0
135 0
122 0
117 0
241 0
623 0
491 0
431 0
499 0
471 0
296 0
629 0
497 0
389 0
637 0
582 0
634 0
134 0
368 0
84 0
227 0
167 0
394 0
229 0
293 0
8 0
467 0
551 0
504 0
232 0
206 0
695 0
580 0
256 0
226 0
1 0
339 0
657 0
100 0
31 0
376 0
574 0
75 0
16 0
240 0
49 0
742 0
652 0
485 0
389 0
624 0
737 0
29 0
682 0
136 0
329 0
63 0
292 0
719 0
291 0
82 0
390 0
368 0
136 0
108 0
315 0
498 0
192 0
473 0
632 0
735 0
570 0
247 0
196 0
752 0
446 0
505 0
300 0
581 0
165 0
396 0
75 0
448 0
388 0
155 0
248 0
106 0
726 0
744 0
168 0
412 0
31 0
561 0
677 0
407 0
228 0
804 0
491 0
635 0
106 0
290 0
637 0
298 0
137 0
196 0
393 0
581 0
683 0
682 0
380 0
717 0
446 0
148 0
58 0
634 0
478 0
397 0
351 0
506 0
52 0
802 0
253 0
346 0
392 0
185 0
394 0
543 0
602 0
426 0
221 0
261 0
804 0
13 0
600 0
683 0
785 0
181 0
382 0
204 0
3 0
75 0
197 0
593 0
596 0
284 0
44 0
845 0
125 0
322 0
475 0
343 0
336 0
239 0
520 0
489 0
218 0
199 0
664 0
328 0
731 0
337 0
300 0
289 0
840 0
280 0
713 0
232 0
206 0
220 0
546 0
339 0
448 0
178 0
523 0
435 0
417 0
712 0
678 0
49 0
341 0
266 0
4 0
661 0
200 0
885 0
86 0
681 0
320 0
547 0
556 0
602 0
886 0
347 0
792 0
277 0
297 0
344 0
27 0
546 0
594 0
315 0
889 0
828 0
585 0
787 0
208 0
458 0
817 0
693 0
136 0
349 0
911 0
419 0
872 0
500 0
277 0
662 0
807 0
570 0
805 0
684 0
862 0
305 0
358 0
875 0
370 0
266 0
9 0
536 0
479 0
694 0
542 0
580 0
81 0
469 0
700 0
823 0
595 0
437 0
841 0
138 0
640 0
675 0
195 0
475 0
783 0
904 0
385 0
920 0
959 0
188 0
83 0
630 0
939 0
498 0
501 0
961 0
872 0
592 0
28 0
910 0
380 0
430 0
865 0
954 0
377 0
80 0
785 0
925 0
355 0
610 0
15 0
715 0
653 0
434 0
929 0
521 0
454 0
49 0
830 0
95 0
234 0
719 0
398 0
169 0
673 0
527 0
846 0
510 0
890 0
64 0
943 0
859 0
450 0
520 0
57 0
242 0
634 0
107 0
31 0
379 0
505 0
92 0
151 0
57 0
145 0
474 0
657 0
45 0
942 0
91 0
112 0
709 0
531 0
659 0
28 0
219 0
310 0
165 0
745 0
110 0
37 0
856 0
818 0
834 0
413 0
986 0
490 0
116 0
800 0
504 0
892 0
987 0
796 0
418 0
723 0
220 0
504 0
275 0
529 0
996 0
132 0
138 0
909 0
158 0
394 0
936 0
750 0
710 0
289 0
272 0
585 0
795 0
57 0
777 0
702 0
945 0
117 0
261 0
113 0
478 0
871 0
869 0
576 0
151 0
944 0
518 0
380 0
69 0
752 0
308 0
562 0
482 0
1071 0
5 0
457 0
72 0
288 0
174 0
100 0
412 0
1009 0
96 0
524 0
964 0
298 0
4 0
1052 0
445 0
101 0
906 0
622 0
1068 0
921 0
948 0
800 0
315 0
13 0
511 0
457 0
612 0
997 0
295 0
378 0
603 0
702 0
570 0
557 0
939 0
138 0
901 0
1077 0
69 0
607 0
1065 0
323 0
315 0
451 0
391 0
95 0
1023 0
151 0
1007 0
279 0
396 0
694 0
1002 0
967 0
627 0
454 0
656 0
436 0
420 0
168 0
684 0
696 0
671 0
944 0
179 0
515 0
1081 0
757 0
552 0
526 0
939 0
1117 0
974 0
974 0
785 0
874 0
62 0
1065 0
222 0
603 0
256 0
944 0
333 0
236 0
237 0
396 0
285 0
32 0
663 0
41 0
951 0
563 0
510 0
785 0
679 0
773 0
963 0
649 0
186 0
767 0
728 0
715 0
621 0
60 0
389 0
38 0
1113 0
911 0
628 0
129 0
1153 0
997 0
989 0
126 0
145 0
279 0
873 0
235 0
158 0
852 0
358 0
246 0
163 0
696 0
760 0
315 0
1054 0
708 0
1025 0
989 0
1169 0
574 0
1121 0
568 0
411 0
598 0
537 0
1209 0
235 0
947 0
51 0
1007 0
1022 0
1075 0
1035 0
189 0
106 0
228 0
111 0
49 0
796 0
313 0
123 0
317 0
394 0
1209 0
484 0
853 0
1209 0
50 0
968 0
571 0
612 0
32 0
419 0
848 0
589 0
181 0
526 0
318 0
419 0
402 0
1179 0
1025 0
373 0
630 0
1150 0
1200 0
1094 0
783 0
157 0
702 0
57 0
1106 0
612 0
378 0
2 0
708 0
809 0
871 0
916 0
1265 0
399 0
342 0
720 0
41 0
1150 0
280 0
678 0
800 0
604 0
923 0
652 0
994 0
60 0
676 0
123 0
660 0
467 0
515 0
817 0
223 0
148 0
403 0
306 0
1006 0
919 0
1133 0
1041 0
713 0
510 0
52 0
296 0
619 0
812 0
697 0
249 0
1130 0
1042 0
924 0
1075 0
305 0
347 0
995 0
127 0
1079 0
1174 0
20 0
97 0
692 0
1152 0
194 0
888 0
997 0
197 0
753 0
873 0
458 0
70 0
496 0
617 0
395 0
1229 0
1163 0
233 0
383 0
1314 0
764 0
1160 0
66 0
1342 0
206 0
898 0
1057 0
99 0
738 0
102 0
340 0
1161 0
1187 0
275 0
720 0
150 0
696 0
1343 0
256 0
1086 0
779 0
845 0
1034 0
1219 0
337 0
1364 0
158 0
540 0
661 0
1023 0
1116 0
1313 0
145 0
595 0
706 0
676 0
405 0
61 0
872 0
428 0
450 0
213 0
334 0
694 0
654 0
448 0
342 0
645 0
375 0
207 0
760 0
257 0
1004 0
190 0
1012 0
480 0
702 0
624 0
406 0
653 0
81 0
442 0
44 0
1368 0
604 0
1303 0
1286 0
739 0
190 0
1358 0
51 0
694 0
512 0
1402 0
391 0
1187 0
136 0
1007 0
1094 0
1306 0
182 0
1086 0
1129 0
476 0
39 0
1226 0
319 0
619 0
355 0
1407 0
412 0
199 0
350 0
72 0
1196 0
1113 0
680 0
517 0
1365 0
1371 0
871 0
196 0
1288 0
149 0
174 0
165 0
616 0
1201 0
1178 0
370 0
963 0
239 0
1028 0
830 0
1183 0
656 0
426 0
259 0
518 0
82 0
1447 0
193 0
929 0
1073 0
629 0
462 0
911 0
479 0
1354 0
403 0
445 0
1324 0
115 0
258 0
1132 0
1041 0
1472 0
116 0
1144 0
672 0
775 0
556 0
906 0
941 0
1141 0
1440 0
1035 0
366 0
379 0
1373 0
416 0
546 0
104 0
546 0
424 0
125 0
967 0
178 0
1131 0
414 0
747 0
644 0
182 0
534 0
498 0
590 0
941 0
614 0
891 0
1341 0
534 0
760 0
623 0
920 0
1507 0
1004 0
1088 0
1136 0
10 0
292 0
719 0
762 0
610 0
324 0
864 0
802 0
301 0
137 0
1167 0
1437 0
1203 0
1401 0
831 0
444 0
938 0
728 0
918 0
262 0
1051 0
16 0
1242 0
512 0
1041 0
1009 0
1485 0
480 0
1333 0
1392 0
548 0
183 0
536 0
19 0
369 0
24 0
198 0
258 0
1275 0
697 0
46 0
159 0
240 0
1133 0
991 0
806 0
926 0
1268 0
306 0
788 0
1043 0
1008 0
149 0
1011 0
389 0
551 0
1238 0
1427 0
937 0
413 0
873 0
918 0
37 0
979 0
664 0
668 0
323 0
1031 0
116 0
418 0
632 0
796 0
1575 0
1270 0
792 0
1472 0
953 0
1408 0
1441 0
1488 0
1304 0
745 0
1447 0
275 0
824 0
959 0
894 0
898 0
800 0
1262 0
1349 0
1516 0
1568 0
1396 0
1155 0
93 0
1292 0
173 0
736 0
1269 0
1526 0
1374 0
366 0
617 0
1596 0
293 0
610 0
126 0
1379 0
150 0
1616 0
1113 0
1279 0
983 0
891 0
1188 0
1237 0
124 0
1258 0
293 0
1118 0
290 0
50 0
895 0
1332 0
1571 0
390 0
913 0
354 0
1543 0
235 0
5 0
409 0
568 0
459 0
301 0
645 0
430 0
265 0
1148 0
1607 0
846 0
314 0
1563 0
801 0
862 0
62 0
1523 0
610 0
1046 0
1411 0
96 0
825 0
631 0
1224 0
509 0
550 0
663 0
1108 0
416 0
1159 0
1323 0
1260 0
55 0
1118 0
1418 0
362 0
1342 0
693 0
1287 0
378 0
284 0
1686 0
815 0
1001 0
741 0
1002 0
574 0
377 0
286 0
902 0
145 0
131 0
1169 0
1532 0
934 0
1703 0
525 0
468 0
1125 0
674 0
1680 0
389 0
167 0
1235 0
1018 0
210 0
1198 0
372 0
392 0
82 0
1042 0
235 0
489 0
1153 0
1093 0
382 0
477 0
1491 0
311 0
211 0
61 0
404 0
1289 0
611 0
1340 0
183 0
1285 0
1116 0
811 0
732 0
1459 0
599 0
465 0
367 0
556 0
1542 0
460 0
599 0
1698 0
789 0
521 0
316 0
1646 0
1728 0
1747 0
1087 0
1707 0
1164 0
1230 0
1717 0
232 0
47 0
1640 0
1662 0
1346 0
1137 0
1014 0
1099 0
757 0
685 0
486 0
4 0
258 0
781 0
44 0
638 0
715 0
1247 0
277 0
562 0
1208 0
326 0
1071 0
624 0
730 0
825 0
1548 0
201 0
871 0
103 0
325 0
1369 0
883 0
1764 0
933 0
1032 0
104 0
1763 0
434 0
824 0
518 0
1584 0
1099 0
981 0
1506 0
1309 0
1061 0
406 0
994 0
388 0
197 0
519 0
74 0
953 0
1758 0
95 0
712 0
1486 0
1322 0
974 0
1640 0
485 0
422 0
1063 0
759 0
1569 0
561 0
874 0
155 0
1523 0
350 0
205 0
624 0
333 0
120 0
1326 0
1695 0
87 0
1489 0
360 0
866 0
816 0
1780 0
787 0
114 0
586 0
1548 0
586 0
1238 0
1499 0
1548 0
688 0
173 0
133 0
1116 0
1829 0
1812 0
1552 0
339 0
569 0
1395 0
572 0
1578 0
1581 0
51 0
692 0
329 0
1808 0
838 0
1663 0
720 0
1325 0
1772 0
640 0
1638 0
894 0
714 0
697 0
1829 0
1787 0
1854 0
1275 0
746 0
827 0
1228 0
1235 0
1557 0
1235 0
1386 0
369 0
1399 0
779 0
1372 0
1292 0
846 0
1210 0
1791 0
232 0
744 0
26 0
1073 0
1840 0
1027 0
1316 0
1214 0
796 0
1181 0
360 0
1456 0
426 0
91 0
1149 0
1079 0
58 0
471 0
215 0
1760 0
954 0
68 0
1214 0
665 0
1260 0
1897 0
1184 0
1902 0
1001 0
734 0
903 0
1596 0
837 0
1364 0
1334 0
1073 0
1293 0
118 0
726 0
1657 0
535 0
565 0
1591 0
182 0
1166 0
1698 0
949 0
1696 0
612 0
275 0
1895 0
1693 0
576 0
665 0
1613 0
1664 0
1336 0
245 0
202 0
533 0
1386 0
1716 0
1618 0
250 0
383 0
1512 0
1528 0
154 0
1011 0
226 0
1098 0
942 0
569 0
1164 0
1398 0
1050 0
446 0
468 0
1606 0
819 0
945 0
1346 0
1056 0
1454 0
439 0
977 0
280 0
1537 0
436 0
1666 0
1217 0
1785 0
1881 0
130 0
1956 0
1337 0
1777 0
1004 0
1825 0
609 0
755 0
499 0
1639 0
