2000 100
1 0
1 0
3 0
4 0
4 0
4 0
5 0
8 0
3 0
7 0
10 0
10 0
10 0
9 0
11 0
2 0
7 0
18 0
17 0
15 0
3 0
10 0
1 0
11 0
19 0
19 0
15 0
10 0
11 0
10 0
26 0
12 0
29 0
28 0
15 0
17 0
4 0
22 0
32 0
27 0
22 0
32 0
2 0
7 0
12 0
42 0
16 0
33 0
29 0
9 0
25 0
8 0
23 0
3 0
22 0
39 0
50 0
30 0
53 0
47 0
55 0
21 0
12 0
51 0
24 0
9 0
60 0
10 0
55 0
24 0
19 0
55 0
28 0
24 0
14 0
48 0
67 0
76 0
31 0
1 0
16 0
7 0
50 0
66 0
82 0
23 0
65 0
43 0
68 0
50 0
2 0
14 0
53 0
85 0
38 0
75 0
62 0
60 0
91 0
53 0
10 0
86 0
2 0
75 0
76 0
66 0
55 0
83 0
108 0
37 0
37 0
18 0
99 0
18 0
62 0
29 0
97 0
18 0
56 0
120 0
101 0
23 0
116 0
1 0
2 0
55 0
70 0
85 0
95 0
55 0
44 0
88 0
2 0
62 0
84 0
65 0
120 0
100 0
97 0
135 0
116 0
55 0
13 0
84 0
26 0
134 0
137 0
133 0
121 0
76 0
97 0
150 0
124 0
53 0
24 0
9 0
44 0
75 0
26 0
47 0
38 0
98 0
126 0
37 0
21 0
63 0
56 0
143 0
66 0
103 0
57 0
28 0
83 0
125 0
67 0
151 0
74 0
79 0
84 0
162 0
28 0
107 0
42 0
157 0
7 0
65 0
73 0
115 0
55 0
16 0
39 0
187 0
27 0
89 0
187 0
126 0
162 0
4 0
28 0
63 0
184 0
33 0
168 0
78 0
113 0
73 0
44 0
203 0
11 0
157 0
65 0
72 0
42 0
33 0
199 0
205 0
189 0
97 0
53 0
105 0
154 0
96 0
21 0
151 0
188 0
213 0
132 0
93 0
174 0
39 0
151 0
192 0
99 0
15 0
85 0
204 0
92 0
56 0
13 0
48 0
146 0
240 0
10 0
155 0
50 0
116 0
94 0
102 0
31 0
28 0
63 0
200 0
94 0
206 0
210 0
100 0
99 0
91 0
115 0
137 0
192 0
244 0
221 0
137 0
108 0
13 0
179 0
248 0
180 0
208 0
26 0
213 0
38 0
152 0
52 0
155 0
39 0
128 0
252 0
225 0
34 0
272 0
131 0
72 0
162 0
196 0
154 0
259 0
30 0
173 0
184 0
165 0
223 0
73 0
169 0
276 0
269 0
92 0
266 0
169 0
166 0
71 0
297 0
12 0
25 0
295 0
267 0
204 0
53 0
256 0
41 0
116 0
250 0
287 0
261 0
22 0
17 0
309 0
119 0
210 0
288 0
151 0
62 0
3 0
267 0
144 0
296 0
48 0
255 0
59 0
265 0
235 0
193 0
289 0
123 0
4 0
4 0
223 0
264 0
246 0
80 0
244 0
47 0
200 0
105 0
306 0
227 0
12 0
301 0
320 0
153 0
275 0
220 0
67 0
187 0
261 0
308 0
67 0
326 0
308 0
197 0
270 0
228 0
169 0
91 0
267 0
119 0
237 0
212 0
210 0
312 0
209 0
134 0
355 0
169 0
181 0
16 0
73 0
376 0
135 0
256 0
365 0
193 0
4 0
315 0
163 0
315 0
1 0
313 0
239 0
51 0
146 0
80 0
260 0
270 0
253 0
55 0
347 0
265 0
23 0
52 0
256 0
21 0
61 0
167 0
173 0
279 0
219 0
190 0
337 0
98 0
239 0
5 0
17 0
151 0
102 0
243 0
335 0
261 0
201 0
229 0
293 0
189 0
201 0
212 0
300 0
387 0
102 0
152 0
172 0
181 0
98 0
291 0
311 0
37 0
34 0
257 0
184 0
435 0
234 0
17 0
240 0
421 0
25 0
348 0
195 0
235 0
122 0
313 0
359 0
322 0
311 0
266 0
153 0
155 0
168 0
156 0
126 0
424 0
260 0
27 0
352 0
438 0
78 0
396 0
273 0
203 0
16 0
382 0
458 0
208 0
226 0
244 0
220 0
456 0
63 0
25 0
463 0
369 0
158 0
222 0
419 0
5 0
5 0
282 0
131 0
233 0
121 0
240 0
339 0
317 0
386 0
359 0
273 0
468 0
203 0
16 0
464 0
495 0
499 0
417 0
275 0
265 0
444 0
273 0
220 0
480 0
286 0
151 0
68 0
161 0
180 0
108 0
191 0
428 0
297 0
76 0
485 0
2 0
459 0
364 0
257 0
428 0
210 0
330 0
463 0
291 0
89 0
333 0
206 0
290 0
219 0
146 0
487 0
292 0
326 0
468 0
362 0
94 0
98 0
412 0
535 0
77 0
538 0
284 0
245 0
176 0
281 0
385 0
68 0
325 0
133 0
502 0
265 0
74 0
415 0
150 0
391 0
104 0
184 0
549 0
291 0
437 0
184 0
395 0
98 0
431 0
169 0
525 0
35 0
239 0
332 0
382 0
292 0
558 0
241 0
16 0
26 0
529 0
363 0
516 0
483 0
470 0
169 0
353 0
91 0
157 0
41 0
475 0
205 0
250 0
247 0
382 0
209 0
495 0
422 0
279 0
238 0
429 0
37 0
157 0
397 0
603 0
150 0
225 0
306 0
409 0
26 0
143 0
543 0
464 0
21 0
45 0
6 0
232 0
389 0
339 0
382 0
597 0
4 0
585 0
402 0
51 0
472 0
11 0
582 0
12 0
453 0
74 0
467 0
150 0
458 0
211 0
272 0
157 0
21 0
341 0
490 0
290 0
243 0
307 0
458 0
228 0
333 0
372 0
313 0
163 0
355 0
636 0
25 0
534 0
147 0
94 0
290 0
365 0
330 0
104 0
68 0
184 0
409 0
337 0
527 0
76 0
536 0
591 0
401 0
588 0
162 0
639 0
72 0
650 0
478 0
578 0
451 0
89 0
641 0
194 0
14 0
35 0
378 0
373 0
44 0
112 0
36 0
595 0
121 0
385 0
61 0
534 0
302 0
379 0
374 0
581 0
179 0
192 0
551 0
164 0
572 0
423 0
319 0
578 0
281 0
504 0
633 0
252 0
590 0
454 0
275 0
119 0
437 0
464 0
433 0
640 0
188 0
557 0
206 0
375 0
638 0
666 0
177 0
252 0
160 0
23 0
688 0
62 0
417 0
228 0
656 0
217 0
524 0
311 0
417 0
659 0
434 0
592 0
709 0
600 0
301 0
350 0
501 0
684 0
246 0
379 0
274 0
252 0
75 0
368 0
65 0
530 0
403 0
170 0
694 0
235 0
423 0
215 0
463 0
290 0
720 0
435 0
585 0
738 0
143 0
648 0
752 0
369 0
537 0
87 0
579 0
555 0
564 0
160 0
109 0
205 0
454 0
223 0
36 0
657 0
766 0
168 0
452 0
366 0
621 0
16 0
204 0
468 0
387 0
44 0
143 0
300 0
670 0
124 0
339 0
765 0
289 0
449 0
569 0
686 0
401 0
242 0
145 0
8 0
541 0
639 0
281 0
304 0
644 0
482 0
118 0
265 0
75 0
314 0
413 0
550 0
612 0
600 0
723 0
324 0
506 0
83 0
280 0
112 0
167 0
418 0
158 0
652 0
785 0
425 0
106 0
194 0
803 0
599 0
464 0
361 0
648 0
362 0
471 0
712 0
612 0
681 0
282 0
796 0
165 0
551 0
343 0
674 0
736 0
116 0
651 0
114 0
508 0
321 0
514 0
27 0
305 0
248 0
410 0
307 0
621 0
725 0
276 0
199 0
73 0
155 0
705 0
781 0
497 0
699 0
501 0
583 0
612 0
734 0
567 0
839 0
635 0
370 0
458 0
758 0
247 0
555 0
403 0
135 0
91 0
19 0
245 0
154 0
576 0
187 0
95 0
882 0
862 0
602 0
287 0
34 0
166 0
623 0
34 0
363 0
52 0
252 0
213 0
245 0
550 0
421 0
572 0
802 0
503 0
434 0
429 0
258 0
12 0
206 0
909 0
51 0
411 0
382 0
885 0
119 0
156 0
213 0
181 0
452 0
772 0
622 0
684 0
713 0
327 0
11 0
341 0
648 0
64 0
793 0
61 0
926 0
216 0
387 0
443 0
480 0
824 0
118 0
234 0
183 0
885 0
352 0
872 0
444 0
392 0
391 0
6 0
685 0
9 0
167 0
637 0
106 0
429 0
184 0
253 0
74 0
380 0
589 0
56 0
363 0
180 0
805 0
911 0
538 0
776 0
306 0
395 0
716 0
133 0
612 0
844 0
135 0
341 0
282 0
836 0
692 0
144 0
311 0
436 0
662 0
631 0
681 0
533 0
301 0
304 0
820 0
695 0
479 0
250 0
327 0
76 0
700 0
526 0
811 0
497 0
357 0
921 0
276 0
243 0
657 0
248 0
254 0
491 0
546 0
704 0
912 0
113 0
818 0
835 0
713 0
903 0
349 0
388 0
59 0
246 0
622 0
661 0
109 0
6 0
476 0
550 0
89 0
18 0
358 0
110 0
656 0
469 0
784 0
26 0
10 0
373 0
765 0
134 0
802 0
898 0
324 0
634 0
844 0
287 0
896 0
515 0
80 0
675 0
976 0
902 0
292 0
136 0
356 0
177 0
864 0
467 0
317 0
492 0
485 0
296 0
856 0
540 0
641 0
249 0
513 0
345 0
226 0
1063 0
584 0
899 0
749 0
311 0
820 0
955 0
1025 0
446 0
915 0
312 0
940 0
1068 0
326 0
441 0
844 0
819 0
907 0
152 0
959 0
224 0
9 0
235 0
780 0
112 0
87 0
208 0
544 0
623 0
460 0
410 0
334 0
323 0
1078 0
640 0
536 0
385 0
863 0
892 0
168 0
622 0
854 0
1056 0
974 0
822 0
798 0
398 0
23 0
191 0
150 0
1099 0
196 0
618 0
255 0
906 0
536 0
520 0
595 0
538 0
35 0
630 0
590 0
397 0
306 0
80 0
79 0
43 0
30 0
208 0
434 0
125 0
420 0
111 0
582 0
17 0
285 0
801 0
235 0
1083 0
633 0
28 0
260 0
598 0
505 0
494 0
343 0
53 0
82 0
17 0
854 0
1102 0
1084 0
1109 0
1006 0
627 0
232 0
805 0
323 0
1035 0
35 0
720 0
186 0
799 0
874 0
432 0
607 0
311 0
1104 0
473 0
460 0
611 0
40 0
403 0
702 0
470 0
1075 0
702 0
1073 0
153 0
380 0
492 0
1151 0
776 0
184 0
178 0
1152 0
1047 0
1 0
676 0
564 0
395 0
882 0
264 0
1069 0
300 0
181 0
1027 0
757 0
428 0
1096 0
630 0
275 0
852 0
120 0
162 0
1091 0
1039 0
589 0
199 0
1012 0
247 0
616 0
951 0
35 0
356 0
966 0
987 0
361 0
545 0
920 0
188 0
1092 0
799 0
52 0
1074 0
1144 0
640 0
1019 0
87 0
266 0
828 0
1007 0
1136 0
786 0
482 0
212 0
18 0
237 0
905 0
774 0
9 0
1053 0
291 0
914 0
180 0
324 0
1048 0
74 0
678 0
808 0
785 0
153 0
1060 0
1188 0
762 0
1190 0
1173 0
1006 0
439 0
873 0
1164 0
953 0
787 0
552 0
1215 0
1057 0
145 0
760 0
739 0
73 0
1127 0
413 0
597 0
1016 0
368 0
67 0
545 0
323 0
630 0
155 0
1037 0
499 0
83 0
708 0
110 0
221 0
472 0
24 0
309 0
1007 0
774 0
517 0
1042 0
338 0
1147 0
456 0
1071 0
41 0
649 0
167 0
77 0
488 0
723 0
176 0
1181 0
1147 0
461 0
694 0
1119 0
1094 0
620 0
63 0
406 0
1213 0
337 0
1036 0
721 0
611 0
808 0
179 0
1313 0
838 0
7 0
117 0
665 0
735 0
738 0
1184 0
1268 0
1005 0
1006 0
774 0
24 0
1043 0
1294 0
1188 0
322 0
403 0
282 0
1247 0
591 0
39 0
1129 0
449 0
863 0
449 0
1265 0
1064 0
1332 0
144 0
858 0
813 0
1335 0
1314 0
1097 0
460 0
577 0
1102 0
906 0
1164 0
946 0
153 0
1242 0
219 0
332 0
284 0
268 0
919 0
724 0
168 0
1142 0
476 0
623 0
750 0
350 0
487 0
282 0
1099 0
1356 0
445 0
1009 0
882 0
73 0
871 0
782 0
1039 0
342 0
1280 0
1194 0
957 0
354 0
1083 0
833 0
334 0
931 0
983 0
882 0
1085 0
715 0
556 0
908 0
457 0
152 0
420 0
1217 0
213 0
1129 0
140 0
605 0
1175 0
639 0
1097 0
943 0
267 0
1182 0
499 0
122 0
1380 0
50 0
354 0
244 0
1328 0
1368 0
337 0
1425 0
343 0
957 0
418 0
1152 0
128 0
224 0
426 0
948 0
672 0
372 0
1035 0
259 0
344 0
1178 0
288 0
1242 0
875 0
1284 0
1354 0
981 0
57 0
941 0
1307 0
502 0
354 0
321 0
158 0
943 0
1449 0
915 0
1217 0
998 0
1061 0
90 0
137 0
1343 0
1275 0
1191 0
1421 0
201 0
946 0
321 0
137 0
1014 0
1420 0
515 0
419 0
599 0
508 0
169 0
790 0
501 0
440 0
1371 0
394 0
1320 0
1352 0
706 0
640 0
650 0
656 0
127 0
1116 0
1320 0
1441 0
699 0
1176 0
391 0
413 0
865 0
1297 0
679 0
989 0
1176 0
1210 0
1275 0
274 0
836 0
493 0
634 0
1258 0
970 0
640 0
261 0
1154 0
477 0
941 0
1275 0
274 0
599 0
221 0
311 0
1159 0
1188 0
268 0
755 0
689 0
734 0
943 0
304 0
987 0
1460 0
1253 0
1403 0
1443 0
1117 0
668 0
1136 0
83 0
927 0
1377 0
641 0
1221 0
1134 0
1433 0
631 0
219 0
861 0
1325 0
751 0
1206 0
1145 0
350 0
1045 0
1074 0
1416 0
1396 0
799 0
954 0
592 0
257 0
1458 0
1417 0
148 0
1245 0
775 0
409 0
469 0
87 0
87 0
921 0
142 0
1348 0
926 0
968 0
256 0
62 0
210 0
441 0
952 0
895 0
476 0
339 0
952 0
855 0
1332 0
1194 0
5 0
1414 0
204 0
505 0
405 0
1554 0
1589 0
1151 0
1262 0
93 0
1588 0
28 0
1233 0
826 0
110 0
93 0
1233 0
648 0
115 0
232 0
1142 0
1346 0
1501 0
881 0
1254 0
284 0
1297 0
418 0
782 0
374 0
388 0
980 0
251 0
639 0
646 0
675 0
49 0
270 0
1306 0
873 0
478 0
1170 0
695 0
1119 0
1235 0
1188 0
22 0
525 0
530 0
1553 0
330 0
24 0
1584 0
343 0
730 0
397 0
1180 0
982 0
1328 0
243 0
1527 0
780 0
981 0
1617 0
860 0
714 0
497 0
1539 0
114 0
1389 0
1183 0
1223 0
1601 0
1125 0
242 0
1520 0
678 0
387 0
816 0
1219 0
775 0
727 0
561 0
1220 0
624 0
5 0
824 0
1455 0
1180 0
1645 0
948 0
1369 0
1642 0
610 0
1047 0
1534 0
1544 0
1680 0
701 0
102 0
1370 0
716 0
389 0
261 0
1683 0
1159 0
558 0
1305 0
1325 0
103 0
410 0
1468 0
1071 0
1010 0
34 0
1603 0
696 0
746 0
1438 0
82 0
1281 0
39 0
1521 0
365 0
1343 0
449 0
1546 0
841 0
177 0
908 0
1006 0
254 0
1631 0
168 0
1188 0
556 0
588 0
1320 0
1203 0
1007 0
366 0
1538 0
309 0
1443 0
261 0
1246 0
115 0
1562 0
1672 0
1186 0
1302 0
554 0
46 0
638 0
298 0
523 0
1635 0
1386 0
990 0
328 0
1059 0
32 0
804 0
184 0
1353 0
1594 0
612 0
1501 0
517 0
24 0
1378 0
1562 0
36 0
1284 0
98 0
333 0
465 0
690 0
594 0
441 0
285 0
1519 0
943 0
525 0
1641 0
1610 0
1145 0
987 0
540 0
1411 0
706 0
1534 0
1070 0
521 0
1115 0
1529 0
160 0
637 0
1781 0
1088 0
1214 0
420 0
577 0
1136 0
972 0
402 0
1535 0
1263 0
61 0
535 0
281 0
73 0
1402 0
454 0
32 0
503 0
573 0
1080 0
477 0
1459 0
1114 0
430 0
712 0
1629 0
1616 0
1175 0
1668 0
364 0
746 0
776 0
815 0
522 0
1432 0
1455 0
1109 0
191 0
1538 0
1492 0
270 0
1371 0
695 0
372 0
30 0
518 0
1071 0
998 0
467 0
1089 0
740 0
513 0
1134 0
832 0
557 0
840 0
559 0
1061 0
1577 0
997 0
109 0
726 0
629 0
1587 0
235 0
136 0
119 0
1217 0
602 0
9 0
1737 0
1531 0
205 0
1287 0
1743 0
588 0
511 0
1341 0
1676 0
606 0
1407 0
304 0
813 0
944 0
335 0
933 0
208 0
600 0
983 0
238 0
677 0
117 0
1427 0
361 0
139 0
1601 0
991 0
758 0
513 0
1247 0
497 0
1777 0
1546 0
1053 0
1757 0
103 0
1197 0
859 0
1858 0
1457 0
1131 0
620 0
59 0
120 0
1368 0
1347 0
830 0
206 0
669 0
1442 0
1456 0
851 0
928 0
304 0
1574 0
1167 0
281 0
1806 0
1836 0
1091 0
9 0
1407 0
708 0
518 0
1907 0
173 0
1887 0
45 0
179 0
1487 0
1837 0
450 0
520 0
1915 0
1345 0
1305 0
52 0
890 0
1102 0
213 0
231 0
1088 0
1914 0
1162 0
236 0
30 0
38 0
1772 0
1379 0
1082 0
1042 0
790 0
1543 0
987 0
488 0
721 0
765 0
197 0
1617 0
858 0
1845 0
287 0
814 0
1926 0
1637 0
1928 0
1735 0
1747 0
1590 0
1501 0
247 0
1267 0
510 0
1337 0
245 0
1761 0
961 0
1389 0
311 0
283 0
1850 0
1043 0
209 0
439 0
488 0
1957 0
630 0
917 0
1575 0
1299 0
117 0
1547 0
1979 0
884 0
311 0
1801 0
1715 0
475 0
79 0
153 0
590 0
742 0
249 0
1494 0
1232 0
369 0
