2000 5
1 0
2 0
2 0
4 0
4 0
1 0
1 0
8 0
3 0
1 0
5 0
2 0
1 0
2 0
5 0
5 0
10 0
7 0
1 0
10 0
4 0
5 0
9 0
7 0
10 0
4 0
5 0
7 0
10 0
3 0
4 0
10 0
7 0
1 0
10 0
7 0
10 0
6 0
9 0
8 0
6 0
1 0
3 0
3 0
10 0
5 0
8 0
7 0
4 0
5 0
1 0
1 0
5 0
8 0
10 0
8 0
6 0
10 0
3 0
7 0
9 0
8 0
8 0
1 0
5 0
7 0
5 0
2 0
4 0
3 0
7 0
1 0
8 0
3 0
4 0
3 0
9 0
2 0
4 0
4 0
4 0
8 0
3 0
2 0
1 0
10 0
10 0
3 0
9 0
5 0
1 0
9 0
9 0
8 0
8 0
3 0
2 0
6 0
1 0
5 0
6 0
7 0
8 0
5 0
5 0
6 0
4 0
6 0
6 0
1 0
3 0
4 0
2 0
9 0
9 0
9 0
7 0
3 0
2 0
3 0
2 0
9 0
3 0
5 0
6 0
5 0
10 0
5 0
2 0
2 0
7 0
5 0
9 0
3 0
6 0
10 0
10 0
7 0
5 0
4 0
7 0
8 0
9 0
5 0
5 0
2 0
4 0
5 0
3 0
5 0
2 0
9 0
5 0
5 0
1 0
9 0
8 0
3 0
1 0
7 0
9 0
8 0
3 0
10 0
3 0
5 0
5 0
6 0
9 0
10 0
3 0
5 0
10 0
7 0
10 0
7 0
4 0
8 0
8 0
2 0
10 0
1 0
10 0
7 0
9 0
1 0
1 0
7 0
10 0
9 0
10 0
4 0
10 0
4 0
8 0
1 0
9 0
2 0
1 0
5 0
4 0
1 0
2 0
1 0
3 0
4 0
8 0
8 0
9 0
4 0
3 0
1 0
4 0
9 0
2 0
8 0
2 0
10 0
7 0
9 0
8 0
1 0
7 0
9 0
7 0
1 0
5 0
6 0
5 0
3 0
3 0
7 0
1 0
10 0
4 0
10 0
2 0
7 0
10 0
4 0
7 0
2 0
6 0
2 0
2 0
4 0
1 0
9 0
8 0
2 0
1 0
5 0
7 0
2 0
6 0
6 0
9 0
5 0
8 0
10 0
8 0
8 0
1 0
9 0
9 0
1 0
7 0
6 0
1 0
5 0
8 0
4 0
3 0
3 0
9 0
2 0
4 0
6 0
4 0
10 0
7 0
1 0
1 0
3 0
5 0
2 0
1 0
5 0
2 0
4 0
4 0
1 0
9 0
8 0
4 0
5 0
3 0
4 0
1 0
5 0
4 0
3 0
1 0
2 0
7 0
4 0
5 0
5 0
1 0
9 0
5 0
7 0
7 0
9 0
5 0
7 0
6 0
7 0
9 0
4 0
4 0
9 0
7 0
8 0
8 0
1 0
4 0
4 0
3 0
5 0
10 0
9 0
2 0
7 0
3 0
7 0
2 0
3 0
6 0
4 0
5 0
5 0
9 0
6 0
8 0
4 0
3 0
1 0
8 0
7 0
7 0
2 0
7 0
2 0
6 0
7 0
4 0
10 0
1 0
4 0
5 0
4 0
4 0
8 0
6 0
1 0
10 0
1 0
3 0
7 0
9 0
3 0
2 0
7 0
7 0
10 0
2 0
10 0
7 0
5 0
9 0
2 0
5 0
6 0
4 0
6 0
9 0
9 0
3 0
1 0
3 0
7 0
5 0
8 0
7 0
10 0
10 0
7 0
10 0
8 0
286 0
99 0
374 0
155 0
99 0
317 0
89 0
382 0
61 0
37 0
377 0
47 0
11 0
380 0
21 0
192 0
95 0
51 0
49 0
329 0
253 0
24 0
394 0
305 0
385 0
55 0
363 0
390 0
243 0
296 0
135 0
48 0
27 0
228 0
357 0
27 0
194 0
147 0
224 0
205 0
82 0
63 0
176 0
321 0
180 0
353 0
301 0
271 0
336 0
177 0
274 0
48 0
47 0
202 0
39 0
270 0
331 0
67 0
372 0
241 0
61 0
245 0
292 0
98 0
29 0
203 0
15 0
298 0
68 0
60 0
157 0
387 0
173 0
19 0
249 0
261 0
398 0
294 0
235 0
345 0
162 0
49 0
76 0
72 0
130 0
220 0
308 0
172 0
22 0
271 0
110 0
125 0
168 0
152 0
315 0
344 0
147 0
21 0
60 0
111 0
389 0
326 0
178 0
385 0
300 0
107 0
303 0
385 0
298 0
53 0
339 0
302 0
113 0
246 0
224 0
283 0
240 0
46 0
22 0
263 0
362 0
191 0
200 0
196 0
223 0
344 0
229 0
307 0
192 0
45 0
334 0
229 0
270 0
124 0
373 0
138 0
59 0
72 0
379 0
245 0
22 0
82 0
224 0
341 0
146 0
346 0
263 0
45 0
207 0
113 0
30 0
140 0
126 0
72 0
201 0
52 0
32 0
178 0
183 0
262 0
342 0
285 0
121 0
131 0
65 0
284 0
194 0
204 0
371 0
159 0
177 0
98 0
75 0
231 0
343 0
294 0
44 0
182 0
182 0
152 0
102 0
205 0
79 0
282 0
26 0
59 0
131 0
254 0
361 0
308 0
162 0
195 0
197 0
141 0
274 0
151 0
380 0
301 0
275 0
320 0
395 0
313 0
254 0
354 0
104 0
219 0
186 0
295 0
107 0
108 0
370 0
119 0
206 0
262 0
238 0
44 0
153 0
352 0
264 0
190 0
87 0
20 0
167 0
150 0
111 0
300 0
118 0
351 0
187 0
399 0
238 0
15 0
372 0
375 0
326 0
178 0
18 0
110 0
233 0
318 0
128 0
395 0
223 0
255 0
261 0
344 0
178 0
206 0
188 0
130 0
60 0
151 0
35 0
323 0
279 0
173 0
52 0
225 0
182 0
128 0
352 0
269 0
232 0
145 0
216 0
39 0
351 0
385 0
126 0
257 0
92 0
385 0
83 0
316 0
128 0
258 0
278 0
184 0
396 0
213 0
58 0
39 0
176 0
172 0
304 0
233 0
79 0
343 0
232 0
16 0
200 0
294 0
307 0
301 0
366 0
268 0
307 0
209 0
320 0
154 0
216 0
28 0
144 0
47 0
243 0
239 0
383 0
109 0
230 0
333 0
398 0
214 0
385 0
357 0
270 0
313 0
246 0
200 0
80 0
329 0
85 0
105 0
276 0
38 0
255 0
151 0
61 0
145 0
342 0
83 0
106 0
12 0
218 0
287 0
221 0
278 0
45 0
268 0
151 0
162 0
367 0
315 0
250 0
31 0
33 0
268 0
116 0
96 0
53 0
144 0
233 0
21 0
187 0
394 0
329 0
303 0
245 0
34 0
55 0
256 0
107 0
227 0
346 0
311 0
290 0
190 0
55 0
333 0
144 0
301 0
360 0
395 0
382 0
312 0
373 0
137 0
388 0
248 0
200 0
193 0
365 0
70 0
329 0
380 0
196 0
183 0
49 0
179 0
20 0
358 0
134 0
40 0
387 0
393 0
139 0
75 0
370 0
291 0
303 0
251 0
289 0
19 0
373 0
348 0
145 0
379 0
349 0
188 0
325 0
285 0
392 0
190 0
28 0
280 0
199 0
67 0
151 0
158 0
332 0
154 0
233 0
47 0
150 0
327 0
273 0
270 0
216 0
120 0
288 0
299 0
34 0
304 0
200 0
166 0
181 0
95 0
42 0
226 0
338 0
71 0
199 0
62 0
298 0
88 0
335 0
268 0
318 0
36 0
116 0
253 0
208 0
203 0
246 0
66 0
239 0
286 0
295 0
380 0
174 0
143 0
280 0
316 0
301 0
46 0
297 0
35 0
397 0
60 0
332 0
321 0
127 0
219 0
18 0
297 0
260 0
43 0
347 0
298 0
110 0
126 0
57 0
70 0
124 0
164 0
140 0
398 0
241 0
95 0
295 0
371 0
333 0
94 0
88 0
134 0
305 0
69 0
67 0
184 0
302 0
50 0
327 0
42 0
165 0
232 0
119 0
370 0
136 0
52 0
365 0
291 0
124 0
312 0
396 0
13 0
299 0
161 0
186 0
151 0
399 0
118 0
210 0
266 0
400 0
50 0
251 0
384 0
185 0
268 0
113 0
49 0
241 0
239 0
203 0
389 0
382 0
323 0
377 0
260 0
349 0
302 0
368 0
312 0
366 0
286 0
19 0
369 0
66 0
148 0
257 0
256 0
251 0
353 0
236 0
374 0
345 0
325 0
325 0
52 0
13 0
241 0
93 0
60 0
217 0
216 0
117 0
157 0
189 0
329 0
254 0
266 0
251 0
357 0
377 0
339 0
211 0
159 0
150 0
345 0
134 0
38 0
24 0
253 0
264 0
264 0
270 0
187 0
156 0
14 0
180 0
151 0
62 0
288 0
248 0
234 0
366 0
361 0
303 0
341 0
216 0
224 0
112 0
331 0
257 0
42 0
194 0
100 0
186 0
323 0
119 0
88 0
379 0
166 0
169 0
98 0
285 0
297 0
353 0
282 0
345 0
152 0
376 0
41 0
73 0
313 0
119 0
376 0
324 0
120 0
294 0
320 0
373 0
220 0
159 0
74 0
101 0
382 0
107 0
127 0
379 0
296 0
67 0
88 0
178 0
210 0
303 0
126 0
18 0
70 0
169 0
234 0
341 0
236 0
106 0
357 0
178 0
190 0
139 0
36 0
363 0
189 0
48 0
193 0
165 0
337 0
139 0
241 0
57 0
361 0
88 0
69 0
392 0
390 0
265 0
272 0
239 0
390 0
362 0
185 0
307 0
290 0
74 0
210 0
34 0
157 0
49 0
397 0
132 0
32 0
313 0
357 0
130 0
371 0
73 0
243 0
263 0
369 0
43 0
366 0
105 0
17 0
280 0
369 0
131 0
285 0
41 0
372 0
350 0
189 0
248 0
225 0
290 0
140 0
140 0
191 0
89 0
321 0
207 0
393 0
315 0
134 0
186 0
384 0
15 0
159 0
94 0
65 0
141 0
104 0
224 0
139 0
15 0
212 0
183 0
128 0
87 0
35 0
227 0
82 0
117 0
390 0
279 0
192 0
105 0
239 0
97 0
43 0
358 0
46 0
357 0
102 0
221 0
181 0
322 0
321 0
205 0
132 0
154 0
92 0
104 0
60 0
221 0
90 0
240 0
111 0
157 0
250 0
101 0
397 0
59 0
62 0
232 0
136 0
391 0
248 0
58 0
96 0
227 0
247 0
380 0
358 0
224 0
300 0
127 0
348 0
158 0
202 0
388 0
34 0
79 0
193 0
141 0
393 0
51 0
82 0
42 0
323 0
124 0
317 0
75 0
241 0
251 0
20 0
131 0
82 0
177 0
281 0
99 0
217 0
94 0
219 0
154 0
215 0
163 0
268 0
90 0
172 0
355 0
285 0
357 0
297 0
173 0
350 0
379 0
176 0
178 0
322 0
380 0
385 0
181 0
169 0
267 0
61 0
69 0
51 0
296 0
102 0
243 0
307 0
133 0
268 0
49 0
360 0
145 0
81 0
224 0
276 0
383 0
100 0
225 0
312 0
78 0
217 0
132 0
213 0
225 0
239 0
26 0
268 0
280 0
375 0
54 0
398 0
276 0
50 0
71 0
235 0
310 0
242 0
239 0
262 0
32 0
40 0
302 0
350 0
209 0
19 0
118 0
69 0
380 0
54 0
199 0
348 0
289 0
258 0
52 0
229 0
45 0
374 0
131 0
355 0
346 0
332 0
251 0
78 0
211 0
214 0
67 0
233 0
48 0
189 0
52 0
14 0
27 0
138 0
87 0
229 0
317 0
54 0
214 0
72 0
79 0
298 0
138 0
396 0
340 0
93 0
285 0
374 0
302 0
352 0
160 0
173 0
64 0
309 0
299 0
295 0
366 0
147 0
254 0
15 0
306 0
355 0
259 0
76 0
211 0
28 0
275 0
296 0
139 0
393 0
38 0
204 0
259 0
114 0
213 0
305 0
260 0
48 0
138 0
319 0
167 0
317 0
158 0
240 0
54 0
17 0
89 0
381 0
360 0
229 0
245 0
255 0
359 0
274 0
74 0
334 0
108 0
370 0
337 0
196 0
48 0
125 0
229 0
370 0
258 0
400 0
318 0
275 0
138 0
297 0
133 0
37 0
21 0
204 0
337 0
298 0
309 0
203 0
129 0
290 0
202 0
293 0
296 0
302 0
327 0
12 0
86 0
192 0
122 0
17 0
348 0
136 0
151 0
20 0
283 0
184 0
77 0
200 0
372 0
336 0
366 0
157 0
297 0
17 0
202 0
275 0
265 0
45 0
387 0
172 0
375 0
292 0
266 0
298 0
243 0
248 0
367 0
140 0
222 0
233 0
84 0
388 0
345 0
88 0
58 0
211 0
213 0
135 0
257 0
122 0
132 0
150 0
187 0
258 0
17 0
136 0
171 0
62 0
144 0
107 0
169 0
26 0
227 0
138 0
128 0
14 0
83 0
77 0
136 0
147 0
282 0
199 0
320 0
15 0
385 0
325 0
314 0
377 0
30 0
174 0
132 0
332 0
293 0
321 0
143 0
43 0
308 0
271 0
139 0
294 0
206 0
43 0
315 0
190 0
228 0
116 0
318 0
180 0
262 0
267 0
295 0
217 0
37 0
194 0
101 0
143 0
114 0
218 0
74 0
325 0
31 0
20 0
279 0
30 0
173 0
304 0
109 0
314 0
203 0
95 0
397 0
330 0
285 0
84 0
328 0
255 0
273 0
62 0
398 0
346 0
202 0
303 0
146 0
380 0
88 0
23 0
387 0
279 0
253 0
344 0
324 0
362 0
57 0
34 0
372 0
264 0
142 0
88 0
21 0
97 0
139 0
201 0
24 0
54 0
372 0
86 0
78 0
312 0
391 0
113 0
327 0
185 0
55 0
107 0
86 0
392 0
309 0
85 0
170 0
376 0
369 0
15 0
358 0
345 0
364 0
250 0
217 0
396 0
296 0
313 0
213 0
98 0
69 0
11 0
139 0
12 0
340 0
257 0
300 0
43 0
135 0
398 0
265 0
305 0
238 0
369 0
131 0
29 0
298 0
107 0
203 0
354 0
285 0
382 0
353 0
288 0
56 0
283 0
264 0
152 0
139 0
259 0
255 0
283 0
199 0
230 0
72 0
27 0
205 0
214 0
228 0
39 0
255 0
355 0
228 0
144 0
150 0
36 0
242 0
304 0
125 0
261 0
58 0
199 0
114 0
161 0
222 0
14 0
111 0
129 0
391 0
94 0
221 0
46 0
333 0
239 0
246 0
82 0
282 0
156 0
33 0
261 0
342 0
156 0
216 0
48 0
363 0
376 0
181 0
301 0
115 0
337 0
83 0
294 0
66 0
130 0
313 0
355 0
314 0
122 0
72 0
287 0
124 0
347 0
338 0
365 0
121 0
166 0
71 0
284 0
227 0
283 0
329 0
175 0
266 0
203 0
121 0
277 0
31 0
215 0
231 0
368 0
115 0
131 0
67 0
107 0
210 0
368 0
156 0
223 0
237 0
374 0
200 0
296 0
257 0
396 0
290 0
238 0
311 0
365 0
178 0
315 0
327 0
336 0
225 0
392 0
396 0
96 0
376 0
285 0
253 0
85 0
81 0
275 0
51 0
151 0
52 0
164 0
313 0
177 0
11 0
345 0
118 0
155 0
301 0
90 0
116 0
173 0
69 0
112 0
92 0
130 0
315 0
389 0
215 0
98 0
136 0
98 0
157 0
261 0
22 0
79 0
232 0
374 0
317 0
198 0
209 0
221 0
326 0
95 0
337 0
115 0
378 0
67 0
240 0
288 0
83 0
349 0
72 0
95 0
185 0
131 0
370 0
296 0
373 0
208 0
183 0
244 0
241 0
77 0
112 0
380 0
85 0
370 0
181 0
344 0
74 0
121 0
384 0
115 0
329 0
234 0
42 0
133 0
171 0
207 0
139 0
327 0
122 0
400 0
190 0
338 0
142 0
311 0
202 0
159 0
49 0
29 0
217 0
247 0
202 0
57 0
131 0
243 0
84 0
103 0
131 0
172 0
151 0
62 0
64 0
187 0
317 0
55 0
164 0
153 0
61 0
380 0
247 0
205 0
200 0
363 0
235 0
373 0
366 0
186 0
273 0
304 0
285 0
123 0
27 0
389 0
327 0
328 0
203 0
12 0
116 0
294 0
38 0
115 0
224 0
355 0
18 0
69 0
174 0
302 0
224 0
138 0
52 0
376 0
59 0
11 0
379 0
347 0
332 0
322 0
299 0
64 0
362 0
280 0
190 0
368 0
320 0
293 0
349 0
116 0
262 0
322 0
113 0
310 0
22 0
186 0
114 0
365 0
391 0
163 0
282 0
275 0
228 0
376 0
82 0
34 0
373 0
34 0
83 0
161 0
180 0
281 0
197 0
186 0
345 0
183 0
323 0
166 0
61 0
116 0
372 0
47 0
89 0
90 0
241 0
236 0
294 0
337 0
85 0
312 0
302 0
195 0
343 0
42 0
265 0
56 0
161 0
44 0
225 0
106 0
60 0
120 0
365 0
337 0
353 0
325 0
392 0
391 0
328 0
30 0
106 0
388 0
107 0
234 0
284 0
226 0
275 0
180 0
328 0
250 0
121 0
227 0
230 0
243 0
117 0
158 0
303 0
387 0
316 0
183 0
264 0
310 0
112 0
39 0
234 0
253 0
289 0
373 0
190 0
389 0
134 0
204 0
219 0
173 0
32 0
350 0
78 0
394 0
385 0
173 0
136 0
316 0
73 0
107 0
122 0
292 0
377 0
22 0
20 0
20 0
18 0
267 0
220 0
345 0
303 0
28 0
222 0
137 0
302 0
25 0
218 0
119 0
112 0
147 0
65 0
130 0
85 0
379 0
325 0
283 0
239 0
290 0
358 0
