2000 10
1 0
1 0
2 0
4 0
5 0
5 0
2 0
4 0
7 0
7 0
10 0
10 0
6 0
6 0
6 0
2 0
8 0
9 0
4 0
9 0
6 0
8 0
9 0
2 0
4 0
10 0
9 0
7 0
2 0
1 0
1 0
1 0
4 0
6 0
4 0
1 0
5 0
8 0
9 0
2 0
9 0
7 0
5 0
1 0
2 0
7 0
6 0
4 0
1 0
10 0
1 0
9 0
2 0
1 0
7 0
8 0
9 0
2 0
5 0
6 0
6 0
9 0
6 0
5 0
9 0
5 0
2 0
7 0
2 0
5 0
8 0
1 0
4 0
2 0
3 0
2 0
5 0
7 0
7 0
7 0
7 0
5 0
2 0
1 0
3 0
9 0
9 0
6 0
7 0
5 0
8 0
7 0
10 0
1 0
3 0
7 0
1 0
2 0
9 0
6 0
1 0
8 0
8 0
3 0
5 0
1 0
2 0
1 0
1 0
1 0
4 0
6 0
2 0
7 0
5 0
10 0
7 0
6 0
5 0
5 0
4 0
10 0
3 0
7 0
2 0
4 0
8 0
8 0
7 0
6 0
7 0
6 0
8 0
1 0
7 0
10 0
10 0
4 0
2 0
7 0
1 0
1 0
3 0
5 0
4 0
4 0
1 0
7 0
10 0
2 0
9 0
4 0
6 0
5 0
8 0
1 0
5 0
8 0
10 0
8 0
5 0
8 0
6 0
7 0
5 0
6 0
3 0
6 0
9 0
8 0
4 0
8 0
5 0
10 0
3 0
5 0
4 0
4 0
1 0
10 0
2 0
1 0
1 0
5 0
6 0
9 0
4 0
3 0
5 0
8 0
3 0
7 0
4 0
4 0
10 0
6 0
10 0
3 0
6 0
1 0
6 0
2 0
4 0
4 0
10 0
10 0
3 0
10 0
6 0
9 0
5 0
9 0
7 0
7 0
7 0
10 0
10 0
8 0
8 0
8 0
4 0
2 0
7 0
1 0
5 0
6 0
5 0
3 0
1 0
8 0
2 0
1 0
9 0
6 0
7 0
4 0
9 0
6 0
5 0
9 0
3 0
3 0
7 0
4 0
7 0
2 0
7 0
5 0
7 0
2 0
8 0
5 0
5 0
5 0
5 0
9 0
4 0
8 0
9 0
9 0
6 0
3 0
9 0
8 0
7 0
7 0
1 0
10 0
2 0
8 0
10 0
4 0
9 0
8 0
5 0
9 0
4 0
8 0
9 0
4 0
3 0
3 0
3 0
6 0
2 0
1 0
9 0
7 0
6 0
7 0
8 0
8 0
5 0
6 0
1 0
3 0
1 0
2 0
2 0
1 0
8 0
7 0
4 0
4 0
4 0
1 0
2 0
8 0
10 0
1 0
5 0
3 0
6 0
5 0
6 0
6 0
4 0
7 0
4 0
6 0
4 0
4 0
7 0
10 0
6 0
3 0
4 0
4 0
3 0
9 0
2 0
9 0
1 0
1 0
4 0
6 0
2 0
6 0
7 0
5 0
5 0
5 0
7 0
10 0
10 0
10 0
9 0
3 0
9 0
7 0
6 0
8 0
4 0
1 0
6 0
5 0
1 0
8 0
4 0
4 0
3 0
4 0
10 0
10 0
8 0
1 0
10 0
8 0
7 0
6 0
4 0
2 0
5 0
2 0
1 0
1 0
5 0
7 0
4 0
6 0
6 0
2 0
10 0
3 0
7 0
4 0
10 0
5 0
2 0
9 0
9 0
1 0
1 0
3 0
2 0
2 0
5 0
3 0
5 0
5 0
276 0
93 0
179 0
400 0
68 0
82 0
23 0
225 0
381 0
338 0
13 0
125 0
353 0
126 0
278 0
262 0
48 0
329 0
115 0
334 0
75 0
194 0
277 0
165 0
148 0
283 0
157 0
300 0
155 0
68 0
91 0
100 0
225 0
63 0
114 0
158 0
312 0
173 0
353 0
171 0
16 0
206 0
315 0
125 0
75 0
388 0
159 0
259 0
377 0
255 0
175 0
256 0
139 0
113 0
108 0
244 0
67 0
395 0
39 0
352 0
385 0
382 0
177 0
309 0
135 0
282 0
330 0
228 0
165 0
209 0
149 0
282 0
259 0
43 0
271 0
69 0
240 0
97 0
193 0
285 0
384 0
264 0
34 0
104 0
254 0
39 0
286 0
338 0
193 0
249 0
236 0
226 0
52 0
359 0
373 0
179 0
110 0
280 0
115 0
300 0
266 0
103 0
190 0
214 0
384 0
348 0
256 0
236 0
296 0
304 0
226 0
325 0
93 0
364 0
44 0
43 0
374 0
58 0
359 0
295 0
174 0
66 0
141 0
209 0
237 0
13 0
151 0
372 0
395 0
165 0
61 0
314 0
244 0
359 0
225 0
368 0
296 0
138 0
258 0
368 0
249 0
367 0
208 0
75 0
248 0
265 0
348 0
99 0
70 0
295 0
391 0
360 0
35 0
347 0
258 0
380 0
385 0
215 0
111 0
287 0
160 0
394 0
366 0
98 0
211 0
326 0
175 0
343 0
136 0
187 0
293 0
222 0
211 0
76 0
384 0
152 0
371 0
34 0
147 0
154 0
195 0
29 0
147 0
266 0
23 0
100 0
130 0
81 0
302 0
125 0
201 0
175 0
54 0
136 0
56 0
123 0
15 0
65 0
138 0
83 0
266 0
325 0
87 0
65 0
172 0
389 0
136 0
272 0
206 0
297 0
166 0
360 0
202 0
171 0
42 0
275 0
376 0
276 0
205 0
248 0
290 0
301 0
40 0
242 0
352 0
158 0
388 0
265 0
252 0
385 0
74 0
359 0
399 0
319 0
67 0
228 0
385 0
353 0
72 0
265 0
107 0
176 0
322 0
207 0
71 0
340 0
394 0
96 0
158 0
247 0
185 0
355 0
248 0
98 0
120 0
307 0
110 0
157 0
129 0
361 0
314 0
67 0
11 0
284 0
357 0
187 0
128 0
391 0
119 0
191 0
217 0
34 0
234 0
327 0
303 0
167 0
278 0
302 0
316 0
45 0
372 0
107 0
23 0
47 0
239 0
264 0
330 0
357 0
13 0
13 0
239 0
345 0
185 0
373 0
205 0
131 0
300 0
391 0
94 0
108 0
318 0
301 0
364 0
45 0
201 0
112 0
206 0
223 0
389 0
152 0
254 0
348 0
396 0
224 0
22 0
140 0
358 0
159 0
269 0
361 0
109 0
47 0
237 0
346 0
345 0
200 0
80 0
90 0
63 0
108 0
376 0
19 0
124 0
354 0
238 0
127 0
22 0
325 0
34 0
256 0
192 0
117 0
38 0
199 0
347 0
67 0
74 0
357 0
246 0
145 0
113 0
267 0
147 0
191 0
42 0
250 0
308 0
126 0
134 0
162 0
393 0
32 0
183 0
374 0
338 0
275 0
21 0
379 0
68 0
254 0
164 0
135 0
161 0
198 0
61 0
398 0
285 0
278 0
41 0
73 0
320 0
150 0
50 0
80 0
308 0
158 0
64 0
236 0
274 0
329 0
332 0
103 0
130 0
191 0
399 0
250 0
159 0
280 0
275 0
317 0
368 0
127 0
127 0
394 0
143 0
316 0
223 0
265 0
260 0
376 0
201 0
387 0
298 0
251 0
312 0
291 0
24 0
208 0
308 0
159 0
344 0
159 0
397 0
71 0
228 0
215 0
101 0
369 0
239 0
17 0
400 0
12 0
50 0
60 0
221 0
45 0
82 0
143 0
224 0
272 0
113 0
238 0
35 0
107 0
378 0
365 0
240 0
239 0
175 0
141 0
344 0
156 0
78 0
303 0
284 0
355 0
203 0
196 0
45 0
294 0
37 0
109 0
92 0
357 0
254 0
299 0
331 0
337 0
182 0
78 0
265 0
316 0
256 0
328 0
313 0
294 0
74 0
363 0
11 0
321 0
152 0
278 0
176 0
269 0
265 0
235 0
377 0
363 0
14 0
395 0
104 0
333 0
378 0
39 0
364 0
275 0
219 0
352 0
88 0
15 0
293 0
310 0
108 0
97 0
327 0
140 0
360 0
154 0
371 0
129 0
175 0
60 0
378 0
215 0
98 0
87 0
140 0
32 0
304 0
76 0
107 0
59 0
395 0
381 0
119 0
202 0
389 0
267 0
290 0
366 0
366 0
213 0
45 0
359 0
30 0
248 0
264 0
321 0
375 0
277 0
97 0
237 0
288 0
213 0
386 0
300 0
346 0
248 0
365 0
272 0
167 0
304 0
116 0
264 0
151 0
317 0
390 0
295 0
203 0
113 0
341 0
109 0
199 0
87 0
237 0
75 0
367 0
104 0
88 0
379 0
55 0
37 0
96 0
364 0
201 0
168 0
365 0
374 0
220 0
41 0
313 0
260 0
219 0
257 0
44 0
349 0
93 0
41 0
272 0
107 0
141 0
59 0
46 0
198 0
162 0
271 0
269 0
233 0
215 0
94 0
201 0
171 0
195 0
257 0
249 0
390 0
145 0
338 0
294 0
19 0
248 0
25 0
266 0
58 0
67 0
287 0
270 0
277 0
361 0
286 0
378 0
141 0
261 0
221 0
295 0
379 0
383 0
279 0
319 0
136 0
191 0
133 0
187 0
124 0
320 0
62 0
147 0
129 0
234 0
109 0
240 0
32 0
37 0
74 0
300 0
107 0
118 0
308 0
309 0
217 0
342 0
271 0
19 0
354 0
22 0
96 0
384 0
202 0
37 0
70 0
13 0
383 0
229 0
355 0
44 0
164 0
342 0
88 0
173 0
25 0
107 0
86 0
368 0
96 0
114 0
46 0
264 0
121 0
399 0
129 0
393 0
69 0
122 0
79 0
230 0
361 0
326 0
381 0
88 0
219 0
348 0
213 0
264 0
164 0
86 0
177 0
161 0
365 0
347 0
185 0
42 0
303 0
311 0
327 0
45 0
322 0
384 0
52 0
163 0
369 0
209 0
151 0
261 0
116 0
33 0
92 0
123 0
68 0
204 0
106 0
111 0
138 0
347 0
375 0
222 0
186 0
47 0
48 0
305 0
269 0
250 0
171 0
260 0
340 0
366 0
377 0
89 0
174 0
172 0
187 0
193 0
332 0
149 0
146 0
396 0
289 0
346 0
192 0
235 0
299 0
396 0
276 0
143 0
238 0
11 0
337 0
74 0
297 0
362 0
167 0
13 0
286 0
296 0
119 0
231 0
302 0
280 0
386 0
172 0
329 0
377 0
73 0
26 0
241 0
333 0
286 0
260 0
150 0
373 0
193 0
122 0
218 0
258 0
306 0
222 0
126 0
37 0
164 0
112 0
290 0
62 0
311 0
34 0
104 0
64 0
188 0
149 0
84 0
273 0
321 0
317 0
143 0
321 0
76 0
382 0
270 0
83 0
197 0
228 0
121 0
27 0
323 0
209 0
113 0
201 0
134 0
150 0
71 0
272 0
239 0
212 0
92 0
65 0
223 0
251 0
288 0
171 0
136 0
45 0
214 0
32 0
107 0
74 0
189 0
98 0
247 0
340 0
280 0
17 0
192 0
252 0
22 0
237 0
132 0
114 0
233 0
185 0
54 0
200 0
82 0
86 0
118 0
383 0
354 0
323 0
278 0
23 0
314 0
274 0
342 0
66 0
314 0
21 0
216 0
80 0
341 0
316 0
76 0
19 0
282 0
311 0
147 0
396 0
188 0
73 0
79 0
235 0
378 0
83 0
352 0
243 0
198 0
340 0
215 0
50 0
225 0
350 0
38 0
172 0
220 0
387 0
317 0
16 0
184 0
34 0
158 0
15 0
70 0
142 0
297 0
156 0
38 0
191 0
197 0
36 0
123 0
226 0
14 0
195 0
329 0
243 0
205 0
340 0
43 0
299 0
346 0
144 0
119 0
226 0
224 0
225 0
216 0
82 0
327 0
31 0
153 0
205 0
247 0
351 0
362 0
95 0
109 0
187 0
272 0
165 0
216 0
51 0
108 0
31 0
298 0
311 0
336 0
190 0
211 0
217 0
123 0
84 0
261 0
91 0
144 0
193 0
240 0
316 0
127 0
358 0
39 0
126 0
169 0
213 0
25 0
210 0
223 0
46 0
375 0
41 0
210 0
387 0
83 0
195 0
211 0
68 0
190 0
83 0
164 0
339 0
120 0
361 0
212 0
271 0
196 0
149 0
70 0
92 0
272 0
97 0
174 0
302 0
314 0
368 0
100 0
183 0
235 0
214 0
357 0
67 0
171 0
250 0
250 0
155 0
35 0
243 0
19 0
268 0
328 0
273 0
160 0
87 0
385 0
247 0
292 0
11 0
152 0
181 0
255 0
169 0
64 0
238 0
51 0
274 0
312 0
371 0
80 0
342 0
386 0
147 0
344 0
311 0
223 0
160 0
59 0
261 0
304 0
28 0
74 0
50 0
246 0
103 0
279 0
303 0
210 0
322 0
146 0
108 0
277 0
142 0
236 0
283 0
191 0
300 0
119 0
365 0
227 0
45 0
291 0
338 0
384 0
227 0
194 0
156 0
248 0
157 0
84 0
219 0
348 0
14 0
27 0
386 0
317 0
166 0
198 0
223 0
268 0
38 0
265 0
150 0
58 0
383 0
290 0
358 0
120 0
370 0
292 0
337 0
214 0
81 0
63 0
295 0
167 0
299 0
165 0
42 0
250 0
19 0
358 0
235 0
337 0
89 0
372 0
314 0
61 0
14 0
255 0
265 0
175 0
275 0
376 0
393 0
40 0
313 0
385 0
26 0
25 0
114 0
138 0
14 0
227 0
45 0
277 0
117 0
294 0
301 0
257 0
337 0
277 0
82 0
338 0
67 0
47 0
365 0
374 0
76 0
358 0
79 0
369 0
92 0
171 0
233 0
81 0
52 0
319 0
93 0
297 0
311 0
280 0
299 0
240 0
104 0
120 0
268 0
286 0
184 0
374 0
160 0
343 0
222 0
28 0
367 0
356 0
293 0
50 0
275 0
301 0
292 0
161 0
117 0
253 0
327 0
195 0
270 0
172 0
400 0
153 0
298 0
13 0
167 0
252 0
353 0
325 0
51 0
394 0
124 0
202 0
249 0
104 0
33 0
398 0
223 0
250 0
146 0
139 0
93 0
120 0
104 0
361 0
317 0
12 0
44 0
161 0
87 0
31 0
54 0
221 0
69 0
281 0
337 0
309 0
143 0
357 0
149 0
146 0
79 0
394 0
27 0
365 0
269 0
354 0
236 0
96 0
387 0
197 0
177 0
131 0
153 0
270 0
227 0
127 0
313 0
212 0
107 0
205 0
364 0
145 0
354 0
55 0
234 0
237 0
145 0
389 0
220 0
83 0
33 0
144 0
252 0
346 0
59 0
178 0
338 0
188 0
88 0
178 0
248 0
162 0
17 0
123 0
183 0
212 0
128 0
86 0
295 0
380 0
380 0
330 0
337 0
147 0
175 0
386 0
287 0
114 0
210 0
22 0
90 0
370 0
334 0
191 0
330 0
59 0
44 0
183 0
265 0
55 0
230 0
182 0
15 0
287 0
83 0
165 0
261 0
108 0
205 0
109 0
245 0
358 0
61 0
40 0
296 0
167 0
93 0
350 0
22 0
168 0
62 0
302 0
91 0
283 0
137 0
91 0
102 0
288 0
343 0
65 0
68 0
88 0
298 0
338 0
264 0
163 0
274 0
383 0
242 0
114 0
258 0
121 0
178 0
231 0
103 0
48 0
76 0
315 0
107 0
46 0
47 0
199 0
331 0
73 0
307 0
91 0
374 0
161 0
148 0
276 0
224 0
197 0
211 0
256 0
348 0
118 0
221 0
250 0
380 0
164 0
356 0
162 0
65 0
354 0
248 0
314 0
236 0
161 0
186 0
339 0
78 0
16 0
396 0
333 0
168 0
145 0
270 0
90 0
187 0
326 0
273 0
122 0
359 0
111 0
215 0
351 0
95 0
124 0
17 0
266 0
274 0
160 0
46 0
188 0
227 0
300 0
321 0
149 0
385 0
143 0
75 0
166 0
78 0
11 0
140 0
18 0
379 0
66 0
133 0
88 0
184 0
163 0
359 0
297 0
264 0
257 0
212 0
88 0
123 0
60 0
237 0
179 0
193 0
325 0
82 0
270 0
45 0
254 0
228 0
88 0
62 0
54 0
84 0
19 0
38 0
352 0
276 0
144 0
22 0
251 0
165 0
319 0
15 0
154 0
87 0
209 0
194 0
109 0
315 0
25 0
335 0
261 0
194 0
342 0
105 0
115 0
238 0
234 0
80 0
169 0
111 0
133 0
84 0
342 0
391 0
25 0
375 0
141 0
198 0
150 0
26 0
398 0
222 0
191 0
174 0
58 0
399 0
51 0
308 0
98 0
346 0
115 0
365 0
311 0
129 0
257 0
58 0
127 0
259 0
32 0
81 0
182 0
124 0
240 0
101 0
116 0
68 0
283 0
36 0
33 0
164 0
249 0
327 0
392 0
325 0
390 0
40 0
144 0
96 0
88 0
335 0
179 0
270 0
202 0
390 0
138 0
280 0
292 0
282 0
130 0
124 0
241 0
26 0
66 0
261 0
178 0
223 0
328 0
222 0
129 0
398 0
252 0
115 0
365 0
191 0
234 0
61 0
286 0
265 0
169 0
21 0
157 0
230 0
19 0
293 0
164 0
31 0
337 0
389 0
204 0
381 0
44 0
223 0
77 0
280 0
14 0
219 0
161 0
59 0
270 0
225 0
256 0
220 0
278 0
77 0
36 0
327 0
367 0
181 0
229 0
340 0
195 0
84 0
381 0
251 0
57 0
34 0
260 0
310 0
171 0
280 0
99 0
254 0
131 0
320 0
213 0
59 0
232 0
65 0
352 0
263 0
229 0
374 0
320 0
123 0
113 0
280 0
124 0
304 0
102 0
366 0
93 0
367 0
222 0
131 0
269 0
112 0
224 0
271 0
