2000 5
1 206366344
2 312508848
2 698841869
2 347117410
5 765317975
1 309288953
2 165277832
7 956914289
9 326839890
3 485601786
1 175650117
5 7026086
7 47206
9 796484232
11 306881378
10 857507859
14 402348807
11 214982632
17 283947665
7 374683494
19 963983537
12 295417871
16 882135750
12 336189272
18 604103255
2 755177608
21 350575149
7 461278553
17 981347431
29 634274133
25 440540104
20 577660429
3 319741415
18 110397150
2 937676405
33 618822805
32 376748198
28 279009789
6 95657942
11 748797795
32 62233304
13 421123601
5 200911263
6 747301392
40 697847523
23 323744207
39 547458515
23 537880372
6 660889691
5 342431457
32 658744023
17 483675644
36 339217666
43 311448260
55 501501641
51 468534983
55 908335822
2 371244459
57 888181903
22 336374362
10 950857952
25 612786853
38 964061913
20 932965472
48 351641868
23 414592007
37 539341317
18 396254203
46 330392737
40 95652774
29 26795755
68 958430005
29 129804332
47 349174771
37 783911900
31 223245020
51 509993076
40 394774945
38 33892479
26 827170939
7 282059617
5 774479143
54 58694920
4 383544796
64 382441451
63 10722333
76 681444913
30 23758704
84 742810234
21 402992250
6 358589162
58 65568775
82 153323972
77 765245209
21 369761947
25 685459377
58 946234709
28 732038712
89 732403327
59 23552491
66 180424884
48 412687515
81 557354617
26 463406252
71 716754187
86 425443716
100 904058107
82 544898998
82 717108792
22 271751673
73 455880621
81 637528335
70 178344992
72 650142401
61 267626068
108 155696994
15 411952996
5 695516937
85 182076740
71 448872876
58 374668830
75 777321180
25 16167503
63 330912640
45 615436781
3 459349705
51 463130175
67 68724998
47 492849046
67 434126826
69 635997787
97 435756073
43 894866998
20 638444828
64 47852965
117 949643413
125 936012913
111 588605513
7 723026177
82 755563174
59 115951730
57 696606
58 233753092
77 183695769
2 866666081
21 749878863
79 445952617
36 926508577
17 995869392
69 683209542
10 159093635
140 75378574
145 298731267
152 22132372
4 718807485
57 602543354
85 707131830
37 803062072
74 515576940
113 339599712
16 968927200
117 508720001
19 273339502
161 278975326
127 624912686
109 687243394
145 63311074
117 538098965
67 439445824
132 219652273
133 773008111
158 80608599
141 199250264
139 807550187
99 633992569
95 876768841
54 634223812
150 836648316
144 342678074
34 116139555
121 722352051
44 384983496
49 666060735
143 72660010
31 99064564
150 907039316
143 42987786
77 124690681
142 888512235
79 418130601
177 278395349
69 225928474
175 507079038
12 587179402
68 802340571
25 158754398
78 534788703
193 998006886
144 962704070
186 821103891
64 353052481
198 547273840
65 349031268
188 79360126
127 8416243
90 356293922
154 686265871
149 798973832
31 331123810
165 978355008
52 9706495
145 401689168
146 862688665
158 775528187
124 341247178
118 821657084
86 30029816
159 613869401
1 316356537
165 584316594
11 69105546
141 813762700
195 917960255
30 110154579
24 892738716
98 972290310
179 695449566
11 267241845
69 151702250
93 621827109
224 415689183
148 522144627
72 678144238
96 864059857
65 738673061
11 673023007
63 944336374
176 606317277
18 257022905
112 155200514
96 674623167
100 520312664
48 760343298
133 712511158
213 233314818
124 250405935
29 301355879
19 435344203
27 859233307
18 91265956
47 239795643
18 621833047
65 764401083
221 561809331
105 974229063
92 435603513
147 688542275
255 62261742
237 1977532
101 977298389
99 743716678
205 60260383
137 139316622
155 615134359
57 249393473
236 720754723
82 886497631
38 559373050
87 292957353
237 282117838
222 270805045
1 581903661
216 281260186
206 629025157
105 791359591
250 751144181
72 29907226
112 252771053
93 943457025
156 72314702
269 738857599
241 313262671
249 117587053
172 910258816
12 603267715
153 144370865
173 803388485
223 922233441
13 667664929
29 590230376
256 329900651
105 206859994
260 794557957
76 565371163
116 783353044
239 753095567
142 882964631
292 91681000
116 909428368
39 272391374
244 238796689
295 647729807
101 120280561
102 994708887
289 109501127
234 771196131
169 436460290
92 250983063
125 606015377
145 342314060
100 332173236
259 844474823
163 661397495
163 430714615
159 995782743
275 371421561
116 106133942
245 484036949
114 199918859
70 604322849
267 518372202
42 628885282
3 643110817
45 939416694
274 340021184
34 945868681
220 12738380
112 166996109
56 523290501
168 240964190
182 899132983
305 933842634
92 999081345
140 257850657
81 385239724
96 436921656
132 122822154
198 308739914
93 175563592
15 405412929
85 703679382
29 969690175
126 65932535
135 655791664
164 584489227
168 315530493
19 588545803
208 802676893
275 980376774
75 151230683
281 258164204
307 456738023
322 139860393
241 848590780
24 537734020
34 924812159
276 778761965
8 834539264
114 669257672
278 20351263
356 644701352
171 151666859
287 423855216
272 91571400
288 984516414
342 943846951
276 113539732
223 295277771
208 479309558
138 198677930
332 888269088
95 70018885
222 992555911
109 291965432
100 917651602
39 82510350
182 642909366
288 638926318
337 457989620
345 798594722
244 783855256
305 811058521
283 764200289
325 21652112
155 599854241
96 397603585
348 440588456
25 264041985
4 43277706
14 559154021
135 388922483
289 275448501
117 71074198
14 907867489
258 533519353
295 724578497
218 71372160
183 588182830
87 107184130
84 969034786
305 438930335
118 767567195
358 844518312
240 150250949
373 300084451
77 62143312
112 940494443
109 944411510
178 369431621
233 686871526
180 981536581
359 345518593
89 177927003
3 144996618
198 163644925
28 593039044
375 314897680
76 169053547
6 959131830
376 151522457
395 880400969
125 271501182
1 353125733
65 154641344
70 630508437
391 565568168
98 639467612
428 270044420
367 371257786
159 949175608
169 871062586
429 21403034
308 644928695
89 895994231
199 630935827
58 278018612
436 865407008
280 689251056
28 753951822
319 839734062
280 842506292
181 567884734
81 343030200
58 194786653
232 453484918
391 740417462
334 519707201
408 917021516
187 239050909
213 197918033
351 259337054
173 911875032
143 160680727
255 334599445
41 150211743
366 858864707
256 123136136
419 567836339
166 971099274
450 522617021
55 41912806
248 868339942
326 959118435
171 493130050
205 464915476
300 792551987
443 823672218
85 209116816
51 666013549
362 325451229
132 257701863
111 453625138
13 612601353
232 300145307
342 974930287
254 807268269
46 111100735
71 675839729
43 587689583
344 712801395
9 306537137
433 623274327
191 812615755
342 290208908
332 624402716
389 589678704
142 775897831
416 996317438
68 90444217
3 149733917
135 321891018
96 841304094
115 803482729
34 569979873
86 38638160
319 842805848
444 50474709
113 694187828
204 453901101
393 679238101
430 975938465
420 926128053
382 696351111
459 429047779
262 282797589
237 92918042
167 673832659
407 736346041
493 418769896
393 672810898
169 141633379
126 805923393
179 201064766
384 389550771
47 671685057
477 973051432
505 849851289
325 89139351
118 139788936
87 218490850
354 603667152
73 998099241
349 566124173
92 6840277
195 316394748
225 214278966
337 5319533
87 531661213
254 351126016
309 903439594
52 943018094
78 285092923
358 365278992
448 549931013
30 175710194
277 307086217
201 33922150
230 867031994
512 106983772
130 392131674
399 1816142
427 902495471
198 942129017
41 879853301
112 429426332
490 955732653
321 333040799
236 836709893
100 570645413
342 912449971
136 959558976
380 616239955
168 350926708
311 803734046
201 699872351
409 544129354
520 499145321
121 7713709
8 596478054
180 19334559
152 681378935
193 972477934
237 798785652
188 668000413
467 838565210
409 648154281
361 810021707
419 743599520
251 67195294
432 702181944
303 116527491
469 498528504
182 842861538
235 580234308
24 538249543
377 208485705
89 879694957
103 724044737
151 178701111
308 215155415
95 611840802
2 571076459
455 14418951
101 544990619
6 623661160
245 939352775
197 749175178
310 31145755
463 602350688
590 41801480
288 114217027
183 505689122
260 973749456
333 804661828
496 500204965
74 772462794
500 318875967
249 397391644
219 680461019
199 485917946
50 521262009
103 527966935
331 636988290
113 479541679
306 567454300
577 707361816
182 645426322
110 397961179
20 147869803
439 970947097
22 15783930
326 443352041
492 60008050
140 930619959
324 808650481
443 684374312
293 772812836
66 362649994
603 451739179
533 601246040
185 512542063
194 569842319
206 250662906
94 884659038
532 401275928
81 216486607
87 538503582
358 587982571
33 278761110
403 745178866
185 97913852
520 847621233
124 177194731
253 464951502
94 874207274
34 768631248
13 969653943
185 352179053
279 767513369
519 373123679
558 717715256
481 515323363
458 283823001
68 9590919
273 830286969
330 689826484
551 318077712
390 190562288
273 218107593
227 736023274
203 165111506
197 168680415
562 218114227
275 835905838
222 516168073
426 716714364
7 197619910
109 523285401
377 334618614
583 250166475
105 731353601
171 197962989
155 372750051
421 759315460
100 122026880
50 557173391
106 684121041
232 951285297
660 822822659
179 475160893
194 796001408
614 990247225
53 559974989
591 483148186
538 658213274
292 329467222
669 583418203
501 196484616
377 971869995
406 617500363
573 300315401
660 578907363
637 433282698
125 760796099
101 449105626
343 679151607
600 474611598
684 509834187
137 615566986
164 985627447
669 829101338
553 414398005
11 188870343
448 402120864
105 330647667
560 174013741
4 748722868
242 957089060
180 488890142
224 267331421
195 59464497
171 661463744
467 613463277
234 193601417
163 49403582
54 132694387
395 428538181
560 373050787
74 85000004
587 138464029
659 523421381
475 806887113
246 525860566
662 769634087
397 452183684
83 545512321
656 627292883
522 865129337
88 540649823
402 281906219
80 802589188
171 869856001
292 859541308
532 29814348
413 892778442
548 489251718
384 386191906
695 744633959
176 83726716
140 699099012
483 56433895
112 371372846
632 287501038
65 125550297
590 47823405
723 439902651
681 628300054
32 693280929
682 276749715
350 396942256
43 887640688
355 304151608
690 317359542
421 767939455
141 879926384
314 223381649
119 899096097
154 246010499
151 907178428
706 357894106
541 329663663
173 851009378
492 565935854
380 535199897
348 921482241
156 629588956
441 173503555
594 532336522
607 322409934
20 284841027
216 417884276
580 220478203
551 228283369
757 835099896
702 789789824
231 287129927
192 705999469
737 798966476
538 995204924
47 885751728
505 47393769
12 695851314
739 985634271
369 181693690
485 875219031
612 313421174
627 135384833
710 99067237
378 504389524
669 767453293
481 987233465
713 352107926
90 141874547
461 93085043
33 409446281
372 788827163
96 513686407
569 893331140
393 155432615
576 131439429
759 501866637
645 635271681
710 822718894
373 20706410
204 748991700
219 405412837
75 967222687
655 932802343
410 891385582
275 507249306
26 170092848
651 812002288
781 304903426
179 220006281
245 878798372
528 424013319
206 826013700
528 603423593
768 493028252
194 140859831
132 216916725
402 330699857
750 699802567
433 135089541
436 708816338
179 716817141
369 118771413
108 636971672
436 276504610
691 43157310
740 494076286
731 745007970
237 171362969
436 322864843
477 657397618
811 656331939
603 141696514
590 271402609
17 665371201
715 685757743
152 580520476
491 4632903
232 124843263
600 98004409
647 365728703
36 22455588
107 255078248
436 720169511
488 588389166
457 749234367
377 508362004
566 336607422
539 250587342
584 559868990
33 895523989
60 385954896
777 331705315
605 4997745
693 512528675
702 598065984
534 687569447
690 996025156
25 818715700
735 759268842
551 189788940
551 104190712
203 61705024
820 492549852
314 150766674
838 262837116
629 27198845
719 895303445
247 519988282
104 929739662
406 636404118
632 110008263
691 699514100
205 949654725
661 603301660
158 210047420
656 287654424
575 568695471
713 745376965
547 291509557
772 554039877
698 616054375
584 222864472
46 549289679
162 102296977
156 842453674
754 124454428
144 537257971
553 481591787
394 54772166
864 395935991
527 861448874
350 512239559
528 832127127
733 463009421
566 57804009
786 667691782
164 20662763
650 566659945
549 632179163
674 521355838
650 198186275
676 498790785
480 328214930
643 422072419
688 655852029
226 959650789
698 438204426
359 387155647
218 568429267
260 334745961
184 140494232
88 456007863
326 169338027
61 348524473
561 9882188
443 230434657
273 425703944
150 299853182
32 684576365
56 9165957
875 659242292
692 276854160
321 625024897
329 968646483
566 990330759
454 134007715
449 711975322
537 731503775
450 88798932
277 717586655
403 283116342
916 428982977
113 209927924
396 227637211
900 530818743
906 161637731
859 925530993
157 783224663
705 768560295
896 15373221
10 403777611
809 351247900
515 455911861
587 969566646
575 565116849
532 128419451
645 245057524
250 790521443
138 585402079
710 458826746
589 966682528
761 417060506
733 382052799
146 919634990
710 841475510
948 180809634
216 600931098
423 593451377
751 683617816
550 593066404
601 550618090
274 390530663
949 808961000
778 225781194
573 264400020
924 807119414
431 264159020
277 815098337
580 627256350
612 343224324
195 296774069
342 482197418
71 377333577
106 81228250
679 141744814
470 298647997
164 731796611
771 478559384
56 377767713
221 532311559
600 127397341
926 538017817
750 979335469
364 541947981
504 250584998
833 861882449
832 156309608
62 898803714
360 423016738
813 573956727
415 884953166
893 198739592
821 613744070
104 79425027
223 394243052
470 171583639
365 113156755
307 819015996
843 36523454
228 95529007
969 538429656
342 248769297
83 813851201
505 541254391
801 899332150
965 165595583
487 866464936
624 142738479
667 862521005
739 241301724
248 466422710
516 461957081
828 155628621
807 613125883
741 457543585
384 753807618
4 5558668
992 753221028
964 308570301
727 475784665
316 966118018
374 676228995
401 46037526
718 822204811
694 720917066
136 819633416
279 839016215
843 697326465
131 660219097
708 345747395
330 640138829
919 818721989
135 636023438
772 25261388
169 72672693
319 413629612
424 943809586
798 981928610
557 229360107
129 760717331
623 166749879
7 826034659
289 58432109
102 113643395
516 813490039
136 498121291
226 680945361
706 70993482
349 335853050
972 714552499
592 776172897
302 351654040
198 960358753
644 115985819
210 97291964
534 644608630
841 881745398
385 713535237
801 946071352
173 741003758
478 547776230
359 67276669
72 787651134
403 543418681
403 344942997
571 948026334
920 143500306
398 174149881
236 371497299
937 571268839
530 354641996
1004 45358577
732 192701548
280 789772246
267 710683966
619 383682427
833 321067008
215 735454216
1009 952818993
569 930008240
218 339349123
359 536514036
469 761910723
470 527865467
52 803757721
414 534748631
826 7798842
825 427857292
816 446682431
994 437491849
57 336382585
122 24889066
606 528954950
303 671144924
557 803164084
610 520500988
355 584571932
628 74895123
896 934455373
772 429360811
245 40235268
314 826366077
687 370907264
69 6543809
853 652108364
887 583626332
116 911231155
512 802599682
228 740255268
732 334120273
435 490060593
466 595538578
533 379844918
625 955345008
927 451577972
92 125169523
272 967157772
116 695535909
1055 790378145
392 431196756
36 849295345
509 946849282
381 232393684
121 73221195
163 389957590
275 410216185
1103 700492797
1048 882139971
641 943505003
356 117083515
474 670528427
445 630631484
716 768127587
740 156115102
236 415762314
146 647276182
204 176026291
257 396209247
282 369573938
827 221518037
555 135501369
468 662938717
1093 312259234
726 298825198
305 714226159
954 778167739
948 576369297
575 78855411
400 801265643
1 787561534
961 233643619
979 231765119
873 633740143
55 655325840
675 223588675
296 710312516
588 544169776
285 388305239
253 588996076
1125 420427494
511 274107469
612 853910378
312 530059314
1112 843928222
735 107519380
1100 959458987
465 990425330
661 898879395
672 75271020
601 826476793
997 316252012
963 116404513
1111 339373292
257 294406710
145 186233566
957 131392592
222 644348865
902 978985147
273 882579973
1011 959754963
1062 130759708
583 522232416
234 243967171
353 862962607
351 827982624
248 550983400
263 459392063
361 258555507
1019 428683241
1117 855114935
293 521182248
14 274211600
823 761910879
1157 225015564
255 473724103
565 35442420
487 529942304
397 552181761
980 817093161
656 422931181
816 391194831
706 127886891
703 719498149
927 440782436
168 620297118
920 668232857
996 207050350
1057 856292000
984 387947047
459 487073429
680 684696035
556 480757268
393 438783891
1128 921992774
535 305417983
899 813970005
966 54663365
762 38726945
529 594157030
368 561694611
1103 361211133
983 657740819
1058 77959037
872 578637655
1123 519720813
111 615987756
320 374019007
406 269597088
756 568236098
389 461394138
476 433500660
116 178317648
802 508413270
612 217679064
518 322022672
235 385744153
1071 531066043
503 763728607
1103 691782414
483 645715444
523 18486407
1039 652479081
1100 944099529
483 96022739
976 198699439
625 637660120
390 945682919
1191 956541329
247 779459524
583 350791577
705 842568847
509 952184937
936 650953004
890 853877573
1250 857404231
1131 774078035
668 689172416
149 38203640
871 189993248
780 732318703
750 443719231
193 384485917
314 662620841
756 591311410
1041 942774451
95 741163910
838 931296039
464 504780221
490 166060057
324 565756848
1050 308540990
55 481270122
359 862138736
1005 66119733
981 222463021
667 696676368
125 196527224
469 810446895
436 229068529
779 650762496
900 652597648
231 169258426
319 629214200
607 652369811
102 174535211
572 57083407
1247 838677186
104 99105948
899 445355138
1248 948928766
205 142433512
707 731007231
573 29344451
58 704950068
484 764999065
1062 998218326
1016 659570028
735 334952255
1277 14108164
73 220294029
282 452431679
1140 41400075
323 472998531
1218 385047823
1164 607743735
894 191157958
518 465487560
1199 684858243
62 872460565
614 652555593
263 295598807
1209 450054050
534 388619258
243 477863648
747 551736742
1104 332225638
584 505043253
695 91455702
729 377334106
142 65301916
186 508433672
568 873833442
494 22765450
1072 546796701
377 33741121
1190 976498673
539 24002901
731 949624281
1165 608006394
826 805891185
483 691883706
105 234088812
896 6569687
971 490359274
26 647529166
727 663331995
66 344045080
785 123465558
1143 620312271
150 300369016
885 536615704
1086 46392829
37 190453684
11 313170073
1313 951326341
441 931016239
217 16865623
937 67411146
1040 930187316
3 802422384
614 610708748
626 604481638
23 516417345
771 890205526
73 368238129
1326 467136534
1074 144239935
1073 766014043
254 192672028
767 274684655
1339 168054581
441 827660453
546 588739491
1131 928093615
362 719800565
1162 153025868
784 779652292
727 473652080
1121 955761655
656 757470379
1253 640139110
1036 778110396
1096 660217553
530 862356912
1204 647706993
926 351121686
1033 105968322
1247 370073709
235 996225054
205 224590849
701 88782386
463 918763556
650 347890614
433 764840829
144 832199926
39 987110349
346 489399043
1246 712132629
152 948559274
361 580341379
553 309615924
944 260963514
493 81446075
713 359665802
1160 688399825
1228 437962234
1209 122300003
229 307382510
584 517783059
838 806586174
621 432489049
929 767507382
1340 110951919
1002 697580865
1201 985561508
1048 788248153
1200 463095855
1314 637516851
727 677816491
808 297696973
1041 680530184
1233 345855364
847 555546533
1340 75431777
743 138217593
757 719783123
47 548184369
378 180007275
1230 704915113
1194 424756330
763 275866439
672 234403433
440 717179416
283 442374716
41 258261051
162 628841629
165 984217404
706 358527525
1086 502815775
1228 80246044
816 626825696
930 241090832
102 633818599
649 313272958
887 205362516
530 149174071
94 236122493
1134 868846388
135 301060488
37 388851132
949 473850353
565 361966290
1187 193927477
300 747935469
1318 993435091
1058 403456659
160 718577427
1157 233868660
646 840433278
814 847607789
1175 475739517
780 123252221
475 551379694
1281 515185609
77 821878801
399 244548094
770 255937993
899 696253731
787 681834578
1356 808090876
247 42382983
719 456095404
1229 498891286
1116 852674812
768 915604865
727 196362256
984 212850564
473 273304759
9 471156997
48 883335094
620 763236841
22 628041223
44 803236456
197 840045623
417 124234577
937 734201022
481 107486745
185 802031909
491 262221093
260 745270913
910 213702523
89 450419011
390 114317569
522 175041432
192 875073513
1291 623931126
349 670793821
922 2966821
1259 463767613
98 848967394
838 102250772
1482 502021150
437 786789082
1003 636779963
72 255304869
481 222226962
1447 135041960
1444 767991345
34 115252387
1425 670444202
465 458924032
275 705009739
713 98565625
1083 668089308
36 873851199
1292 956421793
331 181367521
583 815969334
226 796706143
1151 952026144
81 309758621
1309 988292599
1464 26151399
684 853609410
337 33851671
1116 313448893
1122 279349850
118 355980205
321 651464077
128 871141142
1062 98208134
1214 282199845
534 548498851
1110 204710897
729 706208617
1379 262827913
839 612830220
671 26372410
1487 309542346
1282 970436417
633 108142956
937 580959380
1493 829019329
772 637684287
535 820701913
1445 701987656
1161 690665344
942 555295887
35 497384360
148 48460098
904 771925057
564 219473709
1438 575295746
476 836316792
970 503728422
607 225421485
293 121070706
1231 554283375
721 503466634
1459 552274691
845 317096187
166 935224937
654 502477326
950 596525416
1163 660247144
52 489589071
881 183973898
1466 297866576
966 933995125
1406 723856353
1163 464342678
1338 747520809
1036 310041768
1249 852923272
143 132010070
873 152853647
1018 385512862
1470 908928878
399 968572484
379 732408638
985 907458266
1497 128147753
595 159219611
666 899733330
1366 98768085
209 836701526
1062 587777171
716 299949348
196 36273654
272 730732091
1565 988853050
1251 122629918
368 741617408
903 141259965
1050 58929397
485 397541179
573 754860692
156 633302385
286 44050017
300 775545902
665 61608009
548 205085197
145 974016619
221 329791255
505 338804818
731 858694891
725 33238282
437 479598280
1314 914275974
865 633693527
447 505158428
934 5118555
375 521135017
309 664396949
643 338658243
77 784090857
109 199787233
364 855694388
994 930351575
277 206549032
705 378752997
246 244515533
358 105072651
1554 718126119
1033 39702869
647 989965969
444 539425694
442 853160245
234 707618400
785 804863961
1440 302161496
1417 895987676
1447 853229143
1509 290234885
332 917076877
877 202779758
133 725863193
1413 11646533
585 750361254
1621 383667422
1537 240224614
241 502169820
55 807871848
1135 985696506
1323 151015547
460 202282821
247 170264807
97 330740564
699 450105768
1345 341210095
1484 710113601
307 442331692
1602 774809439
443 494090252
1044 914490816
326 312155135
54 445932418
1308 684871696
1427 335529149
665 905610668
610 693530222
348 88022028
408 437907510
1094 214934171
1601 47395412
14 917947962
736 121617571
302 244921986
86 469764777
137 249828145
641 532812751
340 10430202
91 935571448
1468 199985287
152 499404972
1087 864538482
437 275911489
920 264481788
401 357930082
239 410805494
484 428975247
1029 258481045
730 323371787
760 480235553
762 388921264
259 372757176
1527 628885681
1472 840652107
586 521683212
688 837317627
430 481747958
359 934968976
1509 224573225
626 449973370
52 786150209
560 611558428
1437 19429893
889 375951414
1345 299932643
388 916705929
35 473714687
1517 436693282
415 99343440
701 769747532
1116 54228786
581 675196220
494 723074288
835 507517977
250 635404510
1551 457030225
48 159069228
867 635886067
563 410404970
1377 472164354
202 914321108
432 423701552
991 624543910
1593 835264367
496 111308040
558 45949734
1096 906256380
87 235778162
223 157847051
1599 916149087
671 946518772
874 993928270
85 187035619
777 384913462
967 836845258
1461 683163710
791 766579620
829 997834343
1186 582359752
1504 435149631
65 463228056
830 18124560
489 873174197
1086 419684177
593 695910674
1133 276086835
381 3823228
638 764261765
884 403238910
1657 53753345
116 265777829
736 396334580
1566 181179618
757 941872311
364 750377443
592 68336731
1493 291223086
828 687874043
888 303334409
324 403606485
877 577923142
714 588980441
898 850903246
597 927372377
1660 22778131
501 590790351
131 130251465
817 755993181
414 5462123
1292 504256382
866 692653495
578 991979327
1465 876802016
826 514898221
632 509860095
1742 441197604
1666 146651410
144 354372282
1004 996831446
493 580937052
221 800587225
16 830501491
1076 593334220
1517 165013441
891 592842110
1153 988587237
801 896133428
1430 794922802
687 233454619
789 480298085
712 190638609
1487 115310237
1772 912542652
1613 573727727
1068 685543255
1765 216290767
1463 959477681
1569 409832886
794 213078638
655 514096692
186 103138972
728 665287340
517 970058202
231 148325957
918 287620779
331 505145636
1710 706403290
594 986973487
1139 877688200
1391 422019922
1039 412489379
413 417698038
1514 642653271
1627 821833425
593 399901107
1566 738380069
194 836181580
667 452375252
1731 98628868
674 232695544
934 133500331
641 458805021
460 446196589
113 165873698
1651 997947596
952 666028184
1035 714520160
1682 921574448
311 57984735
293 737893752
839 478099872
1699 493586088
1367 863920499
492 716232685
740 180748274
458 598951338
519 882240525
682 646025206
321 823997109
867 640638139
349 972411347
436 119690743
130 922292190
1278 711859372
1149 567034605
606 245903829
397 631131887
943 878987598
1057 737284003
553 63725368
1066 762176904
1397 863374551
1682 133429500
1301 626505875
857 155382071
226 969971856
32 470222406
403 311246497
1691 672477747
1549 788924952
429 464938824
1227 586760494
288 696571696
814 823244786
761 505533626
420 96394592
1523 875652561
796 291449568
126 123454198
1387 481131503
451 617791473
744 764402366
1444 956853405
592 795533043
131 633569579
1114 859538137
1461 87627104
514 978256450
1272 641206555
576 272417376
418 35876836
762 469588789
163 230747453
1471 769584119
307 759423420
910 350082581
1360 131393710
932 110405803
1214 253161453
1280 383558026
332 980824291
1042 27485993
471 532491402
511 535660143
1868 793114151
358 331641182
844 332444621
1021 693230586
953 574948271
751 121940297
1265 343947695
937 30851446
870 462404431
592 425402553
1636 965112585
1519 767959995
260 674735660
1780 331173579
242 875598079
1661 26630564
320 386635079
761 38420149
647 611292129
1399 241755230
210 625812018
804 150677347
793 106269313
1325 37313893
79 657072283
1465 370232486
396 406778044
598 513045847
1374 47324590
344 333115327
1574 182668940
1596 680902150
1772 397897764
1043 864013070
160 85326640
9 557117312
1648 763376264
1627 303634955
1466 963856656
131 13221106
276 117041187
13 732107166
549 237432889
451 938404520
29 527040721
665 620718453
148 542672656
637 14625352
1011 43667004
998 177794130
586 804457241
1291 711849309
502 884031319
1592 249077217
388 883454281
163 966485702
1653 471358082
808 331978769
492 375666222
1414 94980230
1491 851801424
319 349198838
1610 566251715
756 86931433
1426 990119848
1204 186210040
805 780710844
1781 850090306
1769 770458196
272 220000488
991 559259104
1098 65234079
1416 877376712
1265 963377271
1284 64740733
277 358373614
1450 724919221
443 853710977
859 489191204
543 140200706
475 561381579
1286 222377728
297 865647907
1844 938237666
55 530780636
414 963031459
1588 686828938
1557 383291812
1119 151369775
171 253203855
1137 782048201
216 524667821
1351 761130072
964 311565143
1124 34787244
796 482924798
1142 123516028
955 754015666
1531 756177184
1508 634236695
1762 931688600
207 45920535
378 88138552
542 438534746
360 432922627
769 702153607
663 793269692
118 30930272
799 261822065
1244 948946657
390 752166759
1921 913291265
963 739941438
1151 447048462
201 580755715
871 42887049
1432 316629914
1127 349347421
617 201720265
219 58127244
113 951603939
674 886600140
270 771066926
1319 888913558
392 82780042
1765 246943700
