2000 100
1 812866383
1 726173121
3 971831552
3 88213517
3 575073366
4 76067920
2 309292865
4 675740939
4 650932142
2 842175252
8 534890477
7 652677444
8 11719230
9 668710822
2 635482919
10 205050680
9 236038106
13 732587095
9 510090876
9 639769211
2 204622689
19 53176452
5 51202194
10 865065386
5 726684410
8 109959481
23 750780060
14 853508411
29 683943046
2 730689525
30 360686212
21 466709830
17 858866745
31 53924029
7 525504720
29 599761436
24 940082199
26 735532784
39 383880149
10 256050636
7 333707419
17 373565099
3 889603874
26 624716436
36 571835345
29 233436540
18 964083890
9 227128822
44 76434635
9 971101853
2 162909276
17 137486846
42 890958067
7 202622098
33 957508628
51 517326294
32 808963337
50 601570541
13 463649596
55 210879419
18 398773106
42 24090936
43 592439950
39 384731130
21 651294757
41 693453442
18 902061931
23 781693318
2 580793560
24 251498552
2 745541445
13 273622894
32 436821914
14 677134331
9 345158001
74 767279310
9 255568201
30 810754689
52 661845283
62 806347954
40 130985895
47 147376179
51 616531157
50 117614941
23 540741844
83 499440846
74 951170089
41 347460740
33 226194057
47 367748595
29 207229927
17 89428463
70 318327845
72 979822059
11 479308817
30 43171998
6 755491523
25 231623369
64 411459751
19 309032461
93 589312671
31 813946520
51 790045167
77 64015162
89 219078286
41 298080890
8 615419249
51 296260378
62 962656140
5 218812339
50 71059559
55 732885146
13 847701548
40 477343045
105 438294275
49 823264848
81 988374769
84 618078774
109 728975497
99 77633623
86 650254725
11 472847843
112 842342379
57 637939725
31 573790565
49 232565311
94 683933309
58 490375083
51 51749790
26 791266883
112 178976592
59 547367473
76 538830210
55 11529276
104 632139462
19 262432409
65 577852273
20 844246284
109 640578705
140 405046171
46 222781532
42 476968961
41 438460254
86 756742852
112 751883891
16 153015055
95 832863947
12 107712999
9 648572098
141 375587011
137 529602377
27 501547692
48 301646998
96 903349509
133 721267003
97 878987534
153 154156583
104 49466208
113 752419614
27 695125797
13 472024835
160 943564994
109 577646827
121 359440504
83 631301765
44 310128758
111 980663054
117 633165616
76 597076513
123 916659815
52 651441641
95 15642092
18 185779759
32 824413555
15 693853628
137 993129603
114 543028648
166 771166992
50 347687353
24 881250808
146 212056865
98 390500535
107 469120210
104 332049397
24 940156587
148 373998482
52 705879948
18 556993790
173 947672446
61 154437358
123 672084484
161 984644332
150 253854140
74 934009774
83 417861013
36 36143067
123 1243021
54 574238225
89 360305200
76 682318460
18 220535122
16 473901669
117 31449129
203 774439281
9 949639403
93 881356715
105 892313827
194 424771475
29 251362304
154 798804645
53 398127097
133 410776704
83 645529888
155 340961012
128 417004434
185 155426551
22 717565415
33 880893462
33 43215877
85 175012444
96 184482670
126 157292587
100 640777414
204 491435547
97 23265815
224 530461774
141 568978650
171 217750808
11 255307285
139 578131625
65 857626035
144 676424442
70 873476438
5 458821977
35 970902113
228 816430485
79 85184219
139 833524552
164 237454747
127 809606074
103 81244799
59 697119016
124 355052523
11 190703826
232 929283804
206 822083694
232 161983244
168 246854446
232 725635441
175 885980865
97 766645523
76 285012072
100 500919221
183 862196866
28 813804145
156 402102352
137 186195087
255 395919416
145 254717061
132 857530643
238 366015253
26 969019143
74 217957356
9 310635145
130 716532710
96 908954220
99 393302480
6 107174454
245 290748789
132 228985868
270 837211420
65 847109090
111 42543323
37 747145060
232 415719233
186 399119383
150 646656093
74 511380813
18 458159725
204 206424384
143 522145373
32 17402815
230 663234382
100 8806273
125 538715574
149 138573998
97 851910488
176 339876137
158 675407808
151 517653118
12 274008191
145 166277368
214 293819344
9 73635424
249 2391541
215 40472006
51 539449878
155 910361314
200 70421218
108 700015627
11 802213942
126 172407127
61 989467849
217 666161811
38 424987210
43 265512170
145 249135254
170 967180444
29 574385250
306 593212800
31 84618405
132 51389726
250 710582644
168 442718120
175 601291339
78 139157619
215 50765391
37 124219472
305 322459864
106 751830120
207 424855340
247 852091703
164 632372406
268 897913334
104 217721544
45 91591386
151 504361589
315 339949158
161 309522975
306 980617626
152 350602971
280 870250961
64 582155402
87 245835638
102 582782979
325 337123645
310 946298968
47 264226133
261 571973263
51 7344900
286 165823570
86 187019243
323 564871950
282 229648534
114 277453069
285 666181021
157 424098440
68 365740760
298 933703848
193 570593027
215 814501449
265 480136835
244 190226993
73 490697384
101 270223058
327 727392310
256 705803122
348 418268094
262 676433786
27 475550348
92 171566137
39 422959426
128 683899599
317 391420125
139 121325712
298 620016132
50 433248781
167 55874452
325 309035986
270 307132859
306 268321636
17 57953514
30 468871925
163 204685782
83 364416104
109 827539322
115 886766582
341 625613812
323 268150045
295 164669049
184 260037374
273 561785572
336 717853403
333 149281476
242 645399228
34 411092423
238 924436531
152 191004785
104 535325476
322 533891808
337 793389654
160 953530411
304 922719081
66 962765003
25 940309334
247 659711289
376 881300973
313 901996599
93 800314337
157 401937384
283 413041031
380 653394682
378 408273398
312 133555191
206 166515815
86 83051831
402 167499656
204 131789083
273 428472627
138 291197500
384 498351801
100 604631194
256 508309925
255 279638226
61 761777225
54 400882897
74 908020789
370 841422204
168 930285737
357 82449190
324 946198247
111 261656822
201 231309180
130 505921089
360 758919020
141 397123980
290 100787116
286 339299117
33 230131389
119 278153014
210 976690444
25 260165243
268 511979579
124 441081109
254 533554064
324 623743072
9 674177744
251 936244759
144 117051745
217 141134225
271 502124527
414 499988430
181 477794406
237 121319748
168 439116983
194 565690334
150 66178010
68 479395055
302 571642458
364 435088104
53 557846621
32 752423944
431 198724181
215 542153969
178 269504315
361 431592268
287 601997710
380 723869665
210 883991848
193 421979510
429 317452127
418 771860595
382 656915846
441 488928741
88 47433045
450 683387271
441 279585964
61 173371688
357 305564010
313 730412758
305 426985141
195 414377994
432 482072111
239 57022229
5 231287137
127 153459649
147 988835332
257 465411714
90 353151789
55 185501517
225 853396499
300 358310642
338 749160616
256 251652167
382 564259686
118 870911044
312 435783360
438 517938329
255 943084134
163 390392419
245 405588572
402 969438374
418 148533824
432 953602841
230 297065584
190 947591507
423 699647463
155 705722765
418 426236926
179 424374152
86 876110117
455 666706861
438 645425407
42 116032844
401 862274533
453 984127185
374 3102717
62 276071883
144 407993042
36 11037464
79 905937916
79 733482352
127 773384264
287 14230883
288 233754356
436 809891310
291 251555907
107 8050263
18 161126608
479 404789651
81 367738061
504 353725986
519 159147990
184 338763149
141 289285322
91 853348417
55 722822946
521 427957493
214 968128613
279 118628254
186 248219154
18 190946602
46 574311852
61 895169731
199 686389058
173 772581579
151 90845072
32 165262230
72 436364917
495 698553626
311 491435739
212 839429139
69 904873997
396 230675337
231 260886442
191 678035818
304 625088895
506 20427068
3 448197951
164 679087834
99 779656361
253 663117868
251 736240811
409 430466612
131 763521531
351 357627267
236 119721772
81 702368348
527 848474568
40 238617680
72 729386893
465 476202682
142 777415231
406 252144056
399 90334233
37 948044752
419 240722159
422 548767550
388 570021154
532 217424649
435 57164493
568 494872688
46 159373311
16 943201399
165 607686656
494 893678024
83 753577132
45 492725214
22 568239149
200 876857861
31 532603791
356 413230334
291 823574232
288 232124716
384 215273418
426 578197734
412 690242766
283 172347566
194 792465452
70 338616709
309 801288039
333 874041491
64 784921140
9 788175787
123 33495953
251 149159172
286 478033135
533 85520183
261 692228785
204 528567761
191 780541951
457 601063470
85 961394563
390 36876608
150 309640492
584 919535392
137 159831330
149 790616503
374 81944140
275 612136341
376 159238795
284 169617643
364 442590504
331 778647292
183 833952531
392 710427771
86 794192302
409 342339875
1 936821977
127 662574462
132 831959833
215 916839671
128 165670549
438 83069425
37 829480492
546 924837224
83 742915443
377 812041313
497 998357974
518 562709888
124 192173116
118 236123276
626 737835924
383 76690415
400 390211238
606 487294665
553 522699581
138 933334302
103 79059792
545 942249349
21 197593563
396 721422794
553 557835140
356 826585563
67 486617233
421 958411584
39 66188569
133 885397153
219 589276037
130 441400510
164 173974031
609 468766961
219 977420694
198 73998891
393 771561585
229 496083703
559 178917377
402 737662593
457 988452288
84 794517541
615 77400954
121 625420195
126 363830594
438 598894766
97 116398433
114 386608959
303 785916803
634 887301013
146 94221773
548 376102142
199 918502100
18 105705581
455 887561964
402 885111915
661 913830201
298 572416335
644 131726303
226 838062574
171 595763330
112 5270751
175 972785880
471 518100721
384 367682708
440 808090353
225 510384733
320 975817054
6 601703501
104 809050596
670 631757561
670 929317977
544 296800866
189 735286476
583 463837562
270 399224939
318 966473016
523 385202938
292 650969281
208 669604486
14 12816506
479 110360769
1 509442049
143 207004993
10 962811426
296 400752149
542 912686366
544 952485494
49 293421796
16 260292009
79 206232670
324 761415686
640 571709578
215 318251981
660 360906876
624 936653956
456 885410952
88 986037148
68 927552569
133 648078044
223 252907199
432 83112465
567 681650635
394 142126237
577 468433245
578 477289586
399 168356868
42 958861255
168 738319656
28 315093529
667 94581948
53 276841994
367 661465340
450 784367952
290 705936751
688 349393814
127 48264911
483 43204812
527 859864826
296 626975562
131 679173558
424 318771870
607 277599619
192 659594738
34 405760510
195 501192323
574 467215978
237 8729142
510 726267141
93 474229177
117 193805263
443 898764897
368 622435919
318 878303022
248 811855747
731 344377205
4 189902455
148 63478050
296 933785097
598 470802710
292 807024272
387 97121775
44 71727334
383 357115954
562 809132333
345 368995986
649 663528183
335 653508414
530 291068237
578 348649727
717 321895622
627 723835649
533 255642775
625 811878759
751 463681729
154 700601272
664 656770064
404 622746877
457 703408005
454 513929514
684 470648014
362 12424688
111 586058596
436 492792655
468 728557661
48 889575847
707 274324830
553 181149960
301 822235195
635 437160748
736 913063100
400 92095402
763 910531908
511 972133090
60 815064634
42 704456160
380 365064944
497 184527468
88 436414356
231 827924852
740 948925661
615 55788912
308 528851043
799 470184404
19 8594458
802 632450870
457 169887322
575 220761949
680 694698024
154 990980209
212 852590221
157 285042471
368 173968453
701 907658808
578 38527456
228 50844463
481 848463599
8 121537261
509 564057499
289 918849453
553 539301811
295 405159813
733 603993761
386 684698320
235 429660218
647 989553248
811 755777512
584 836832983
335 799245211
447 857800895
534 227219510
677 793705893
337 854377297
177 298453687
237 53080116
61 121963617
14 420694592
601 981602967
170 752711998
659 719140680
85 585030332
582 273540798
505 59491297
320 203806446
476 325162294
717 923770165
77 861720946
383 224556019
357 85322408
292 944301323
104 755959130
727 753656428
816 663771225
180 633125911
439 398128969
578 699875476
562 830294628
77 869438202
105 744430906
47 950003454
32 699231454
341 949832886
772 82235795
235 247252188
143 898463481
672 107916140
589 454574778
545 600418320
370 734287717
88 691168676
761 962385369
302 632870275
837 384167974
78 368568738
582 93690474
351 57374634
649 731554224
170 415116140
618 834660247
103 627059806
188 981035133
166 208134559
56 716388196
760 641417498
512 616753866
586 230788107
406 769466689
21 63547557
418 916856448
320 131506412
528 189341005
59 732957384
838 623322019
652 729343525
860 90332959
125 507908122
295 841967724
820 869048497
391 45609150
520 445491297
83 195555569
813 859729026
595 762971912
132 962968353
384 254043540
331 556578332
432 519695692
118 460904508
382 2975712
532 487764939
247 449037276
689 155878985
706 368947339
108 709376378
455 628741403
58 910371831
81 673583053
757 692259154
535 2755531
762 724247571
334 915211277
191 491210084
76 148793133
644 257443985
30 312102608
244 905715657
787 322388658
515 808244384
594 273917534
45 601747798
617 208978687
716 115866701
721 589411687
650 732829594
741 871496904
373 25915566
478 895910081
61 21388499
433 674063346
201 769031544
628 468345063
242 133210840
460 720457638
455 693275381
786 235419168
455 996575717
395 984114239
464 353397200
380 576569861
229 831262641
171 170162919
419 335301473
449 12246523
812 2759885
807 409323598
374 595833044
572 730337074
798 495671250
886 177456004
958 561490278
363 316587144
11 670141784
324 420820461
892 205172121
456 925433615
517 264928536
639 725756704
791 167995981
797 213423051
828 582630498
868 877397194
676 311593384
383 438896558
494 675224097
787 492235823
336 488779918
197 70224210
584 472046564
704 507642059
612 52765569
608 92747988
370 583038313
767 292946922
681 554420217
701 954182309
670 547444036
51 997312452
103 202742200
30 319983943
176 578177801
507 372972536
853 863845196
85 952594541
78 41163313
854 458380735
124 331505207
892 185237991
772 654319362
254 42063622
517 820248900
141 322371379
568 659355053
89 97881884
45 536202970
942 977051074
107 27973771
763 131540044
676 398696528
832 801748486
317 175154340
217 789873885
893 840985365
40 276199751
468 686522709
998 64626326
443 121953423
752 416040855
300 525118417
853 35926982
835 344622645
71 484312365
35 120558654
854 429327737
226 425022854
187 435388480
886 237944870
781 12318254
325 238989186
29 681285736
1 333763308
333 584568106
487 84170309
578 909482645
522 748590405
552 836154852
894 215592723
212 348823859
969 765423531
355 109987365
667 858567173
284 755942838
1032 40438745
285 752269408
197 913979739
900 270441163
483 951329889
712 233539251
773 773266275
1010 991855466
560 605333218
237 731550929
396 587626639
911 758431821
580 488759203
952 848799057
174 753196792
258 205828533
195 377054620
368 751896876
845 106222791
693 623936377
299 454181878
58 91599823
164 570009260
273 412713847
792 905255096
699 429553080
267 166581469
453 46193246
36 10406690
456 800894290
75 131985212
342 204306756
711 482863622
256 443997995
897 332946462
568 759474979
107 253518296
53 957868588
900 612412056
869 973753745
873 819127419
88 903600953
448 382857374
470 343735148
877 116438302
128 779988601
124 559929487
78 934075871
1013 131651966
328 932605944
179 859864683
27 734654503
81 14140755
497 971812506
478 968476935
1000 504915764
779 695552474
1090 254350976
804 793855105
1075 239056850
904 19876075
63 124191352
1074 536558527
689 258069733
28 729568723
492 56352662
399 692997765
414 369419822
1012 268098481
684 713364146
323 927126694
187 393396818
894 195508891
237 781777220
569 545830179
852 278428257
447 311104926
185 574664833
472 746629754
302 215286522
108 284126098
827 198545364
697 589323606
296 475724443
189 296938662
1018 50204280
163 290250558
110 766675943
1123 990018125
101 302575746
995 380249171
591 250038045
432 747303623
21 588313909
762 291515353
851 342997737
133 594298215
1055 595141487
586 118024032
373 626107845
322 915882994
686 30505118
282 995868565
900 634734194
433 807096768
716 545189337
461 187468344
183 953805801
343 69564277
1026 705245780
1010 386327225
1110 684679522
776 353266637
992 24620765
450 288575583
705 115442902
593 161793083
339 822037370
805 879907609
372 994796807
48 193714314
559 669903092
836 59213872
236 848971696
170 386461053
770 216091648
1104 628569280
940 305151883
595 186606553
126 701240035
1014 372010380
1079 71056024
301 442191640
838 61554406
875 608297318
841 411123508
889 337203956
971 765003091
628 510930299
992 302948241
755 304332481
408 469801753
652 289851706
1138 745841468
1129 884094630
991 790142446
784 179057800
476 326881451
1107 563867519
336 305098663
696 434091369
878 746499723
1171 721008285
754 247119129
157 390754473
25 285485474
1173 555462200
796 945926136
554 482957764
474 157360359
951 456090726
604 263346225
1042 632561987
221 989319157
165 771453520
313 193313485
410 355556453
754 935860249
494 241029204
19 150460793
844 383318683
740 496866690
476 566383261
263 180752417
709 619463018
451 22231155
622 337840750
1146 557908598
1186 672372571
789 800641385
345 255071046
1135 62971580
586 384492938
395 459176056
794 594362917
1166 217777131
1134 522623372
1055 772664230
525 301839341
381 631760824
1139 360118497
884 365297843
463 934207448
1081 795856030
1006 159543935
330 533867455
482 626929897
300 867674837
12 77574789
238 405842106
775 413845366
867 982670136
597 764362889
493 501796193
1147 59533728
1217 893622939
588 86434130
603 315680398
825 801151177
1249 834218037
1012 375363672
819 927457764
825 221598757
815 140235043
708 883405468
214 837120755
46 195914965
384 993848079
1171 913969932
15 814598597
1006 687341483
265 558905151
957 837549289
1076 404778790
541 803217366
111 692331586
981 511283278
1223 559679783
541 853608086
370 876107669
296 447864755
855 75619505
1166 651841669
418 492028308
87 710592225
97 185405985
978 594290475
754 701078130
995 6906154
560 270379127
1257 668268233
471 776637770
725 665605158
1192 967825966
241 278942662
128 620208344
336 145236975
815 842644480
319 820113609
198 90831507
898 86467135
834 837307219
419 562362861
1250 697954226
194 274917110
360 393131229
703 163617367
1140 815405790
585 803143460
814 591553935
564 570084054
1277 87962487
136 789420081
519 100346710
1082 707527132
74 217930351
1270 297473857
1126 685365726
698 172647852
597 332588099
158 204504183
1251 551811417
990 32870281
1277 838917601
473 337190935
550 274213230
459 919045963
182 680382735
205 506145095
73 686734154
517 521777882
1126 801050077
715 94463327
417 663543214
1022 234131195
232 262082113
898 915162029
876 481064843
1047 241484764
816 791719607
645 365951532
952 119043947
604 90248777
103 280332994
37 775515374
1272 61366967
362 570703667
204 8739166
708 425549455
839 925621168
435 845906447
111 292798229
411 844853920
293 921257591
1016 918266174
836 812429333
749 839787099
1079 921529292
98 168121520
23 748958767
1295 69375066
487 396107294
328 300590587
707 152150388
452 414057255
451 734102562
1082 51957557
767 296946438
637 110460325
714 50677498
179 941567425
887 85521013
945 87510966
1067 218524422
885 360828669
448 561180729
646 276860378
778 178211415
1056 505250561
1307 874046101
485 834369402
6 615912593
78 709536781
685 639709252
847 265020170
70 498120210
1175 710704344
443 595940542
449 398806377
1256 76144189
713 342009841
524 831943326
276 198261743
324 24759348
1097 243671432
1168 381457884
49 464028473
152 844986550
203 854086270
1139 196964053
183 96201407
568 927454165
1332 672039351
963 441311740
1356 587334528
660 815968107
87 524236759
231 347357988
815 399287618
1331 45761536
1043 865022174
1062 902154144
227 711044512
611 243338522
917 972575101
378 459935301
609 503295135
1204 45551919
1179 578745887
124 762217323
378 347159907
1142 765662041
18 438018981
332 407330990
224 718890856
1339 391577724
910 710070946
998 240223612
676 223698519
566 672986917
489 37090688
249 401004293
948 28223873
563 970171508
283 298346771
722 201634842
773 663945748
968 202769982
314 724257767
1047 681492230
764 962310442
430 274932425
186 941905357
5 268905831
484 293211661
1319 892004983
545 962248129
191 131029908
485 327125000
952 454571388
1092 634456632
255 802634520
1392 111263052
109 67618103
283 268639790
1010 5699159
1133 980185341
1166 416748295
288 662522248
725 795557728
1313 425831136
605 314360203
195 2723103
1291 138860901
779 526144595
773 407304395
1142 876167438
1007 514390701
412 879677210
104 248197757
226 323153322
234 832103301
291 684068520
1253 990329519
911 812973728
929 113697245
1210 192379258
529 22108738
159 962269441
559 427696257
688 900846618
220 849821978
274 435718607
813 536759571
57 593565831
1233 805172036
358 194053642
1094 841581856
302 563562793
1316 628721606
303 294160112
1181 356770577
928 584558862
294 179460688
1467 70291628
767 685171713
36 719904249
1152 712588321
119 803293227
568 10362927
206 713456313
107 334590843
119 947755914
714 578328120
1299 61093418
325 954626209
1105 567353935
1083 276188894
951 365940678
344 41222958
473 702061719
1384 595386124
187 634196511
674 368654977
1221 590098842
1151 71304914
652 716785167
683 220402464
525 62437712
142 255664881
905 351879679
759 804444553
307 918047590
716 32665990
649 811280731
346 508564485
852 375496284
127 128289265
1076 244631011
883 24364302
988 77752988
376 411741894
1011 177763289
1059 601518993
249 991328779
728 630168730
1015 331464152
1142 329028139
1023 439037756
1344 937440550
583 578016534
1373 101547798
852 203911019
1014 119622068
492 398512941
543 709113427
925 855953307
772 463661506
1183 754753504
504 439352418
734 670807260
740 83803635
465 294550364
1482 287599535
533 363247240
844 395526381
692 252202695
144 740435767
638 340129163
1159 979255908
45 342647667
1329 431206719
1079 809433481
1479 218056945
1348 864725149
1170 881432858
636 365144137
1146 346584246
367 300014344
485 470523786
267 599929522
1101 421393165
582 118421606
455 754586042
301 884973869
843 768339799
739 162764435
1503 466790196
122 916855411
167 541999676
605 559285070
1515 522778003
235 778498254
1244 131378007
1310 126514040
8 997883938
707 505061003
686 955467644
1547 503027796
771 397198666
1529 792248881
325 291103268
1171 719935334
788 373100862
726 445590898
627 347762819
1511 310478760
741 543066679
884 820925497
307 229367836
1422 978592092
1119 830297153
956 62913541
642 858853979
242 862299580
313 277788557
286 381581271
1475 328147470
398 905926675
1290 650652077
1404 828445897
447 675042886
818 660828247
458 563049187
1514 314963141
909 846135369
218 280611611
534 85234188
1102 283195743
1234 603085894
1540 300446264
1074 305645645
1100 910717198
1257 603812282
140 542351911
1082 618111102
59 20115834
268 160156767
653 727678571
1330 597196962
1461 651195642
894 69923013
699 420125006
1570 930847513
1025 810886444
1066 744338226
1257 538006937
522 642816163
648 978372829
710 416020226
494 442189655
267 484973283
1539 202926760
1523 352662869
341 830865163
1563 20556309
218 941718860
235 792997047
185 292966392
675 266232265
974 379260977
1106 650445106
1219 632548929
1231 587898053
737 649198645
1204 787715879
732 208705831
52 202714354
1284 862739156
683 760528488
1156 305088650
58 889251
1439 514483796
425 488841155
68 705077615
1257 545828599
316 488247275
228 84651746
1269 859925050
816 31363716
1600 990375595
258 437801016
810 627850288
1649 943778467
367 900099768
1243 761791843
834 805561531
1126 165905240
566 711677217
1528 644718874
977 733979927
1446 750446781
363 327633860
837 822640814
796 112048184
1202 638525867
259 934195241
365 886450095
821 93927995
1127 998402835
754 406071810
209 432594241
843 802142019
485 786558646
1414 527120096
1314 502504249
565 756897473
936 174403490
612 690728501
1516 462277303
710 985522696
657 383595517
324 44428763
871 809057395
1494 776454144
390 27612675
1631 999831477
941 874013837
836 78362502
653 554723855
1624 842670227
969 117541741
700 637014536
1015 263253263
877 344446097
1158 478205334
105 45673780
880 769462296
582 720449904
858 716619722
866 207047397
1692 965152168
1430 632003141
1332 16824131
394 682204320
1100 342914727
302 194231412
406 219229739
572 968734230
453 230393265
48 970472326
1306 856378590
1384 500910301
181 619453684
1709 419793323
1578 955503116
1027 801368591
32 625111402
1141 272204976
520 266117114
1531 1096602
1282 995472315
1690 321770483
1639 519175417
265 701054581
666 23405485
997 424908136
1284 503740705
1360 503117032
152 555719741
1150 797534678
73 268072691
1115 933911480
235 700308366
606 731031265
1648 859633459
454 380457709
420 830131487
175 677173658
305 428723537
552 92966246
1435 295745109
442 831345983
1403 338493485
1535 458075997
745 48693588
1211 255947820
637 828822226
1418 948742096
1714 135064905
688 771627638
1040 308791248
562 738273397
787 498634424
178 766889393
673 297685532
196 120144959
1511 797563900
537 508732567
1104 852593036
1403 427444225
1141 195098153
910 923114405
148 441514104
715 220776880
1580 930658501
556 180516745
385 412145202
247 635201045
1737 50275253
305 655130013
1275 307534327
1536 236515882
1227 79033129
81 60241918
1485 482569491
343 968993368
11 582882764
1363 123845843
779 86508241
355 990856025
512 867595762
144 726809321
549 230916589
411 165468004
1143 442564432
894 449569266
1784 566627135
1122 39550463
1570 803786454
1490 263872087
593 628212499
1386 82398096
537 286365096
672 542365231
508 827589469
1774 422818447
1162 85071104
1502 919867039
554 221753730
1656 547936213
1661 659755192
165 873518147
1772 893408465
492 77503137
765 940591919
1420 18263528
358 650591568
1786 906421027
1155 71807414
211 2612373
159 723237948
1716 622647456
672 790179206
1237 609254998
116 594822327
1457 413101759
1563 177384005
1348 239971525
1279 759268751
45 468584253
117 882509891
1544 155463711
391 853475515
1373 964774716
944 830128929
607 994867202
292 812191792
1634 36636950
25 450130349
598 92353686
849 792791686
1321 629462068
728 85903336
1341 849021121
321 896532930
1841 975659065
51 800690282
1349 570817821
1774 75942126
490 710490840
1318 893377010
1144 556737140
444 397968435
1395 277155295
60 265708740
639 13933495
1300 788808732
168 723809110
1804 296617696
66 685130372
614 195646716
885 768475365
1317 643326039
459 777580542
547 774931527
776 850517434
1586 439934551
1603 740567374
186 503705822
713 114949256
689 359736273
498 976108134
936 569235808
27 311495376
1268 651803782
122 524234849
1868 413847525
52 387467507
242 116199413
1323 336880366
670 517173504
1439 286640860
1294 912125104
119 711111856
1043 392437917
1437 88675826
481 337672399
1486 189065782
1397 419015232
419 553541554
458 38370484
226 4268076
441 727479774
506 722216084
1032 244065043
92 70336994
1607 360459735
537 485755407
215 573332833
1352 912869956
400 501427082
507 483241964
1649 545052086
323 560062124
617 606646766
52 172182344
1302 484014837
1016 138124209
1214 868926756
121 105217434
35 535268535
1022 725779784
229 226269834
1489 614618616
1910 184212058
1394 951525424
534 768154648
77 920689305
301 813061160
1282 54290516
1697 97813118
460 207596169
993 96119161
1591 641885106
1310 199434745
1682 308087278
1732 538474816
1609 660046876
132 391486975
1445 43414538
397 964766313
925 240322653
1635 200711797
210 30053987
1586 153093110
1706 295074360
425 982656170
1275 922556016
1899 964073653
1139 452437735
1552 620503361
775 566356026
957 791054668
1933 351887900
895 307903812
618 960000260
560 95795028
354 360996830
1062 20169400
183 706469613
1694 843415649
1435 510017130
1477 498333966
1148 974330869
940 397795557
1544 640981097
342 692833597
1373 695425267
460 255608638
67 656953726
1417 960644454
1785 67302516
560 372041110
1204 451997374
319 373120446
919 301535879
787 760237603
997 416824385
547 893867358
976 452630215
1859 908335407
1439 820200245
571 321725087
885 101850467
1675 872252356
1026 495462026
1617 475218082
592 948269279
660 519565298
1304 426363377
1695 815141087
1821 993316511
1652 744926994
729 505918463
816 816186898
1941 876291047
377 547981709
1355 850399034
1216 977609647
1538 281406295
1863 179664342
1170 554066907
1136 596145359
495 592734848
1470 231002576
20 650711192
112 797791562
1306 718103484
1139 54830787
