2000 10
1 537224232
1 331552329
1 740623265
4 479842830
4 924193732
6 512805436
4 216023023
6 79550658
8 66002971
8 827218136
9 512908587
9 482344383
2 497338577
2 915391293
1 850340129
12 244755800
10 401481029
9 905641277
12 587217591
14 883393113
16 937273110
3 952708654
14 985049922
2 419767317
6 956473622
24 545414849
8 7560319
16 597433537
19 78382069
6 782050500
18 456182918
32 784968443
4 358295597
26 329080990
30 401064159
1 680749014
10 342372581
12 611450424
22 419528147
6 548270963
28 463557943
33 677529110
19 987959428
34 720094566
18 244948886
9 108894768
26 60022858
37 522282655
12 287626618
45 507559112
32 542470232
23 496693499
37 651935904
33 947955253
37 174003725
51 100103078
6 785355591
36 163122022
5 593006078
5 430759506
13 932137641
9 268475531
18 345122768
9 916336871
56 136868368
62 267412334
1 485637455
62 219347324
44 707703655
34 260589019
7 846318487
32 382023432
70 386023855
30 254923422
62 700412973
31 793433214
74 966757372
78 561781750
63 484525846
30 544594190
59 437575997
18 943232553
70 934481268
49 602041052
83 796382713
40 141651382
69 748286835
45 550532393
20 263539651
59 195265957
50 258636881
59 860994413
58 242993405
18 267201706
69 782550172
83 73322155
12 504584956
25 819330025
17 823563884
24 40641366
24 751591427
96 259206912
77 58269649
42 619996803
47 673890724
79 698022524
54 454499804
58 669085713
61 575840793
104 136604540
20 445133831
41 716709910
51 524023762
59 639055865
37 157141949
76 940572101
89 568090804
28 816232231
99 831384949
8 709194904
9 740380440
43 53301293
122 712887163
6 893327250
43 429890284
8 532346742
45 561969060
95 603949191
13 853567345
124 9450735
115 908965596
120 761151277
6 991627174
22 475501845
22 82656014
30 519623934
83 2604557
44 747754942
37 186389681
30 617665187
63 293270585
4 927556854
75 337719626
53 939181043
73 590392579
22 988851006
26 414446208
112 936183826
17 77729975
40 265615166
60 663928400
36 826657086
31 822613186
100 661100138
145 539672681
34 553563361
36 558798495
31 536173945
50 433865129
139 889085620
142 612827232
41 634140563
162 675414596
12 701163416
148 49468305
143 805504370
112 817199783
130 155464222
107 643574996
101 281467662
156 147902241
146 435100824
128 892814848
152 836505980
37 333212041
17 378435829
64 595185368
2 994219240
19 135300752
92 230548805
125 565484558
80 58097246
57 373557680
113 696650030
70 32449276
112 947594254
90 88488662
3 169189305
182 102822035
161 491580854
85 529825413
184 973483985
84 759555324
169 482040188
9 813360502
69 829358740
52 720354096
186 223494886
91 961186746
47 682101127
132 269980319
172 165758229
14 132590042
96 585302768
1 538903080
154 573082736
42 22602241
143 115537444
149 876670913
91 306100298
77 356175446
186 157589848
102 751092475
29 308110626
141 444291961
71 959984577
207 273616613
11 3883919
145 215895349
45 484560942
187 158972271
60 265019471
28 966075437
134 492242758
48 506048470
114 58258051
154 650919217
60 16400856
109 387464209
101 529047082
115 471745578
214 753155418
156 233629163
49 76695533
214 531261923
14 329342579
140 441845164
76 894277139
123 315899775
14 801431162
96 411578219
12 823654801
59 93992635
125 549708403
228 765412589
169 307716290
186 846584533
93 72481539
216 794183514
205 345683859
151 119702986
64 743931776
178 337362914
104 7538411
193 640877925
149 656903914
76 525341130
119 984764679
180 429831483
87 716756842
147 372409338
15 839670121
45 872417713
125 300488356
168 389836040
178 255721137
95 368435834
178 227404890
253 410138278
201 595218893
30 100679730
61 430561449
164 860858827
243 851373108
149 835017761
25 793336088
208 154266222
78 577021088
256 925614627
269 788756005
222 905645583
114 447886211
228 375876240
180 944589428
167 162479329
119 269970986
278 718288919
230 24895058
272 504415451
64 461326713
265 826513230
31 936627460
13 750797263
133 254462103
148 207123356
126 584618724
45 535081708
133 615076310
282 938487311
198 549394351
231 265728582
218 790242257
269 191817421
94 290634845
101 869398785
205 66553971
250 539152465
74 741403340
181 966571828
178 979817401
106 563502586
198 106845710
276 969051460
112 30308301
136 16907814
113 12583423
269 427448935
199 570109475
152 277847043
183 771736409
287 314371163
202 413306312
264 481963800
216 685571737
274 757733488
241 831349762
325 800717558
31 867685764
301 93488722
30 388366275
46 515426870
28 30385377
187 963402448
323 240103024
94 294312302
288 160294847
307 531155837
83 528252373
299 695457944
19 164963982
53 486521059
259 206915852
241 68053268
320 858235585
195 320984094
301 601565081
318 176824805
331 603875471
201 955048836
43 171005140
290 738693079
297 331392415
24 448537528
301 25772522
274 890960932
251 575389385
201 704944624
152 596036299
56 821058160
34 560796982
354 375515800
349 309616169
344 661469872
30 304079372
88 784709783
36 600883659
231 713065367
290 466230772
240 712173253
175 792919184
152 423378830
306 47800895
247 413961303
118 196061736
31 998083148
123 675336390
303 29941824
19 638576659
344 939366068
274 575034539
115 339191371
87 763240621
246 274380062
220 502150372
253 741108625
141 259896895
67 268857061
38 829520218
8 556838727
337 205654855
162 241829718
157 758591120
2 623268540
94 853318298
148 715475558
262 856290982
322 973660919
371 995398901
143 357623830
166 882060179
131 105651593
200 112527635
78 675524395
58 858632992
288 619422021
35 173042578
297 545619106
111 978033879
333 476122117
266 973873414
355 761650202
54 120823624
200 876039882
354 22794740
166 448570181
208 138202287
220 339728301
91 682483739
34 956628376
138 20326552
336 437111683
272 483331471
266 373354884
57 502135660
276 508699507
135 718216431
249 567495483
87 131278298
213 552292664
369 450827956
84 460816415
219 517145876
79 416110989
282 65615481
412 578849728
75 2739788
249 914431851
137 849814618
132 47639313
412 438854161
187 430698335
440 459249461
103 700258612
207 572021851
33 914047763
200 20746304
65 841873772
389 845006498
97 438117839
233 728416054
103 402769241
416 23031047
109 551005082
239 427584507
285 497388139
303 409968991
52 488330205
28 89751740
311 492506926
460 351963642
448 523901093
271 456579303
395 173432621
64 820206689
131 373445289
344 188778729
164 955254501
189 747970855
39 645294726
418 530832998
20 714017975
386 264028573
14 608126661
125 458404834
286 563238045
145 616401214
31 817233960
159 315611907
9 968972703
284 662011643
145 709053410
354 700745492
93 674581499
474 743689637
383 451955306
168 129024626
348 209200124
349 434001725
80 245537999
355 985898710
270 155157580
163 644431109
98 573057896
433 143798237
494 379788785
391 652584754
327 442699464
2 479074869
84 252247145
259 464793061
178 583188011
452 688632344
135 507862427
337 424231461
407 279444292
221 971894616
298 955862898
340 570481978
466 2087390
125 690628330
247 969778835
51 20374270
239 373881803
160 535903142
62 103632395
333 497187168
331 276986048
112 872002075
355 716386468
69 16173982
100 266616456
306 3756992
468 973796989
350 120503342
300 194762654
157 50577661
97 163316840
527 108917893
143 901991639
95 541370690
314 262483297
435 731717614
328 264440524
73 37997230
236 979246547
321 686378287
515 562220379
112 521669181
456 442398805
536 84655341
436 329075198
502 384490328
200 992084401
203 845057693
315 321911664
254 130464932
169 741582311
137 887546317
14 161518415
256 125387169
124 705664079
245 415672362
161 232735183
545 844804912
334 816261568
451 205410086
538 279812652
35 153756191
340 465111475
455 682654775
107 921338285
455 662061161
469 496203546
276 838154867
375 751540175
493 167004331
427 482435915
218 936611274
145 33854229
180 939135264
206 688795720
29 825455835
271 402354734
536 67687156
449 278793503
36 167255211
566 935740589
72 530420217
356 93263996
115 558750785
210 234354574
286 634456535
408 337854787
127 989994817
105 761425376
68 208749173
372 27921135
344 771143619
539 211343840
26 805140230
326 771308846
177 930159962
111 207660581
45 90134294
449 407768061
214 111179717
205 881615696
278 965796730
511 903380987
588 488897451
182 906428113
405 931878640
479 402661557
159 97294009
597 228772294
533 548076814
203 721132191
94 963229835
510 505613651
233 875800155
97 139594612
133 462269368
572 936008658
219 126467345
212 418958406
57 932233039
144 895470430
567 24262652
330 403360710
167 210177638
475 934346567
91 150065644
409 739022414
556 405581240
616 336204542
329 774905128
443 925113246
493 524175082
205 395588930
111 879720380
200 646294428
503 573439508
136 280267135
97 682998141
130 453105008
418 165442083
134 355873278
624 296139544
257 577735320
409 827277215
301 414037258
137 548025519
454 70203394
220 566861527
371 719174698
102 499022753
439 500925025
468 953344868
124 75039318
178 47866817
108 348144103
458 919703137
327 853718446
120 496535519
476 169379486
583 39296844
515 912304607
184 595850344
63 339398298
392 327874044
315 385144659
658 517967586
633 361595860
266 170888959
100 678530377
448 219340242
234 875480228
435 836297434
71 687919827
87 380296742
430 257601296
246 77604258
419 895883632
611 179306123
541 527682055
485 231438543
620 684423515
421 986490211
359 453484024
161 166694531
272 511027501
109 946960079
55 325783748
283 982997645
287 512333604
354 144750413
595 389268428
372 925524932
75 386949691
246 782073107
65 917851837
477 691163061
336 749009910
52 390859389
278 720008722
407 505439912
523 816624843
494 209321168
144 359825868
676 812527969
193 997180124
297 139873889
566 53171321
467 733117239
446 550131680
281 177894311
146 455762146
58 260615042
27 750824192
9 191799577
89 477746640
294 327648325
631 714965151
94 972329141
226 788404889
352 432774321
550 447626353
702 649554295
201 289146244
2 838719196
489 923127914
88 912844602
561 267803339
319 668560605
584 8520007
719 633135588
349 90177932
93 95246102
349 450382822
135 109823126
299 918721695
510 209016164
316 546084477
440 595255929
413 624085509
497 417032553
149 321309845
8 958371166
189 145077370
416 743548720
87 748310070
371 358650101
238 912914144
693 801504828
8 577390772
717 631563515
284 444297820
723 70951164
232 712641529
266 345688036
89 220639863
400 251826169
374 285021573
24 967569491
617 719333518
62 94518461
511 353832458
215 593979275
344 289916486
268 752962432
730 601693368
615 355462888
122 574667302
433 750985534
481 778383789
698 793271589
389 522464561
272 978609419
752 462771593
648 868107534
177 984410172
124 316386275
134 375819746
753 233200402
478 954913114
420 342246500
433 77628595
13 877420948
150 18022371
587 667229069
374 226073560
418 873494493
47 232390238
336 631342474
631 179188324
463 441425569
59 403196357
202 297402277
20 911027624
662 362270330
602 359850730
444 783419860
522 917850818
470 303220176
181 870919829
469 848171092
18 342513176
343 37931170
728 77873420
496 848295244
760 140232569
28 721826990
318 55371002
268 194513094
576 565780096
128 506383580
308 997576622
308 69327788
510 2423861
359 85067110
365 6337415
391 622293705
183 841782196
312 114237411
127 654970575
593 4037511
670 637211556
763 714049947
255 338953771
330 35262053
353 9660962
664 268988659
577 250799075
621 942246163
658 543034012
236 264687342
663 959177040
94 833511865
474 971477484
447 816435995
384 655112469
209 249392903
88 510144220
144 695455555
34 219629833
265 642796756
50 225591819
739 643437461
610 268341112
678 246878302
729 457683697
451 125794479
368 161956980
649 650087921
797 361943497
589 378918445
827 492394585
290 72141548
554 683557007
157 3025309
640 503588177
64 11776176
365 818459926
308 205121697
633 376078911
375 864640237
42 288024603
553 999163141
594 834969844
340 185482370
635 390665200
600 439981606
711 470235168
564 226079087
591 798067401
659 284742448
37 8562711
99 450061862
815 966025770
508 335529171
682 612104316
16 186410410
109 439854542
103 311650720
711 258789230
719 892999826
18 510086378
472 712643861
728 869537907
5 559181619
157 603125017
75 829948444
740 191302602
507 369345182
117 87261080
430 534133065
74 584543143
10 327818034
689 266807111
723 870309998
471 922580520
483 863715902
582 986156663
714 126334536
208 382812266
23 560104288
653 870049808
535 259197937
793 300417844
371 348554873
732 391625466
327 868441311
447 274179984
236 689585926
480 619328474
453 344749976
105 579923911
703 815712498
523 598949223
33 977201310
553 994962013
169 168150707
262 503318483
610 932447311
731 851937006
51 34927669
54 161064261
559 502117932
489 247360113
694 504600613
363 817923630
112 297778584
574 56485558
435 74215315
602 187374422
844 779035479
141 794887829
795 748032486
377 154432270
644 906371920
114 104173508
891 539197611
417 662775059
762 182298456
182 799253928
456 319971511
520 533914948
161 566178006
922 383672700
471 435941778
566 92547844
568 483005143
62 658662713
493 157991485
661 991660531
547 296430728
737 736426210
280 456871109
261 910696758
185 394460301
590 360140643
523 212319273
158 347968287
788 199522920
162 265213568
488 218664330
375 346968766
148 890558473
232 572333949
864 148588962
391 991887814
577 460176646
700 383961989
908 438179111
855 845738385
846 821330035
366 445742532
318 117470800
887 519956558
639 71180263
417 299308803
433 522111157
344 472971787
651 6902136
952 531782129
195 416863619
287 180087618
708 879829969
413 795304355
249 624072314
841 894125315
8 978148108
849 574707958
345 534548247
888 87065166
377 51978452
684 955507549
602 765426974
973 625781369
975 320610909
313 395341396
934 410983020
896 672326080
610 331624509
967 54504798
803 96420467
359 350770921
760 550920098
117 190989034
588 556493585
803 126687560
741 110007803
963 940365150
767 994649263
483 530335257
837 783403564
825 507338294
106 356445059
526 689694224
296 119233318
962 609369072
332 245033400
576 195324042
592 667739959
591 955027194
560 462359479
928 563766541
565 101729334
317 704589101
305 701172152
541 568905627
9 158726679
774 311178106
558 728947618
404 186139917
992 468204746
427 972316571
982 747678591
929 913562629
686 389857010
510 366508823
451 859631985
869 342316926
167 180255096
706 688040725
535 59796875
135 828365891
3 965167648
523 852679275
705 446495007
1009 286881317
483 73002562
637 615764540
568 734410944
358 235157549
221 493295366
136 9426902
208 239255377
185 978393786
828 204348139
984 380452822
173 678221460
829 865791141
874 59889460
677 421116314
534 365541283
983 565386560
829 570177268
1054 216346526
722 541597267
1042 968578858
341 513944209
16 704654911
948 112848535
719 828969279
803 625742453
1052 391216914
940 462291813
280 404872685
919 821577615
523 623841700
10 320732527
390 970587860
804 992678588
510 596420516
845 899519711
890 430379683
618 26384182
881 939532371
776 246160642
977 124392083
56 405110940
444 358188307
162 65417800
652 461228644
260 295852908
136 170383488
767 713326199
807 477563737
290 376772020
396 184971018
260 8872530
321 579724529
766 223478850
752 15784015
621 380664261
252 190237142
997 645915445
900 422432436
673 684398566
260 48156133
487 802699533
157 384637617
516 679995733
740 493341148
189 949340622
980 323058690
1079 272176188
706 788312799
969 578213086
554 326741168
1010 946502227
747 443853785
523 40193003
867 395634338
1096 989232956
503 568952572
689 648538796
97 625024042
745 980871930
654 724261336
409 527427387
67 665057687
490 900092382
832 707896383
959 648374471
1039 35982344
1048 936444887
25 113422440
339 885417864
599 566626749
148 323452361
510 545941538
743 378573611
1018 907122426
990 522979565
746 365549920
991 4707475
770 110402760
761 795202316
203 77017651
905 209024991
1125 570335100
1101 623040149
133 548117164
251 506562498
489 218748686
387 343618588
164 381418464
791 336949624
698 729690541
1108 368031637
854 530660749
413 433241222
228 371183152
1101 185826738
94 256745283
193 692789368
658 851636752
123 91931083
942 835576843
151 222604357
362 814307414
203 132966728
792 561033200
94 365979595
132 660033912
1050 924535808
51 869558514
572 450281631
507 746842611
381 808974644
1032 337034281
842 506850650
639 499875248
913 396576381
82 190351381
804 680993755
7 608839615
211 305498689
826 737659578
88 67134073
39 353857585
96 213289887
782 716607935
1138 815765148
477 14697161
1045 729138796
61 520097634
1149 583681940
212 239712746
592 409357331
825 811358385
1079 82313449
337 946468328
44 401080727
162 709236452
503 389370806
30 716606159
1047 792025992
278 916682116
683 890377587
282 927863353
18 451818654
207 674097795
308 407729430
877 781154191
406 815527807
1085 154751461
300 298062901
782 449231344
260 657755228
919 727727208
319 853310956
609 453133821
366 141110462
361 871466225
1027 923749955
355 54969188
39 516322803
962 564154172
73 225504483
477 958608595
901 729018682
87 759245353
657 132132316
656 442403631
221 590910562
434 702953896
484 28673528
1033 708535575
757 265715725
762 337609273
436 463550182
924 200250297
772 236492503
772 263431481
949 288047138
473 141827474
1140 824308025
1009 532948434
115 959547290
723 802734507
402 549360807
531 475193854
960 689928985
233 843358795
636 384922002
317 82061070
1004 491766364
829 376554515
81 518594055
1033 10896290
717 264612608
583 181132768
979 233680185
603 362004214
837 194865435
145 42227256
184 151460907
988 562372917
76 132060029
1172 70231295
931 483985479
616 873154209
488 377157558
194 649467672
119 713388908
1048 838637421
1169 922705195
704 288536994
443 338456349
399 129961545
943 723998448
34 654486436
1129 7091361
686 110189752
1124 740935369
1270 961159018
907 441010430
584 887097654
200 961181766
638 252921300
160 249502117
614 706394243
213 412250883
158 817066198
1235 130849279
979 847376510
313 155925099
142 636067904
147 946399215
959 749752455
472 880809557
16 140039068
771 836918641
562 906884477
871 349224676
375 797711487
1058 554015073
357 884716643
939 10825706
975 178694576
155 56452291
631 698687624
870 166920171
136 303007844
865 999935576
606 142292205
21 842179035
1074 817462408
1147 45758639
135 815926995
701 950403717
785 211892144
65 847959172
451 660780782
22 24816330
1116 757412667
931 578785245
121 826495175
1143 558434090
429 236202421
932 64967027
1274 159723733
564 259551835
1078 888637576
132 270216645
108 594273245
238 807472958
848 345846663
1059 527329223
1325 348298109
95 899041491
1320 905445628
12 500823132
232 797387904
658 887403080
321 461878285
1203 79446503
845 359481614
1211 187914363
510 799975127
556 373772969
1094 383981179
558 729354780
1230 999822733
74 382606735
1114 610770705
431 237665433
1178 91172407
1229 483869721
1022 243619227
171 26470263
591 23721272
17 610041043
1190 548092741
804 571759524
819 471796931
853 566263847
661 521698024
1199 3605201
159 293701425
393 163845647
885 600462618
614 835084115
768 208958433
6 446918224
470 900221381
673 273335416
221 725324921
893 136094476
1238 316128925
712 473466090
459 594084715
670 70132885
357 885489146
367 155243010
343 889268548
404 934392426
889 88273422
106 513217900
515 487540885
263 122790982
488 338957685
1341 30728929
226 615177619
184 822630660
861 416803886
524 293031890
320 898686883
40 915984700
669 56479735
679 580931434
955 428054756
820 469615249
779 680993213
164 493037402
1387 490478311
433 355914630
775 420156843
787 238685436
761 931802381
72 209726845
498 43224609
454 255057587
632 229525552
850 932211807
688 471850306
319 123734948
1001 348196226
1352 744369350
107 379437116
534 365149839
738 652188108
35 529397458
20 358446958
1375 846692025
784 173572254
1204 441254680
99 884516045
811 393177296
1202 391225335
492 102526275
592 655904155
96 384828657
556 695977300
1252 304221189
990 252341206
357 802867678
180 922860958
5 24478209
1378 474211853
966 158820322
954 850919898
1152 909032815
892 167769898
1081 968068175
455 200221677
294 698189736
717 8669791
350 988872036
688 716698061
324 600549637
549 270817199
602 652547846
696 216905182
39 347529838
102 558495537
569 384158368
444 979731025
1080 697348360
1318 898693234
1288 686732022
1106 181477057
1328 935167060
825 747107426
315 227951637
121 481693080
512 578905355
1259 138843871
957 33452125
1063 210676928
402 68999497
88 726495612
282 59774775
793 704491649
1365 642281233
930 876052269
197 737944444
814 468128311
123 152480297
808 163441538
606 783595774
1401 32319107
1085 985703822
549 690151338
106 73454347
1434 6704989
1260 102776468
1324 187426836
1161 376060669
1315 952903594
618 223105496
325 263651144
1097 827915724
656 871002209
614 77944048
711 971778050
934 955093904
1116 601563141
558 583785341
533 732225088
866 635649833
1231 503160045
775 450847202
744 890640375
131 225991318
444 202538014
1207 543330036
248 337765016
697 30312920
500 773156465
465 692905006
1298 138175948
1460 566035214
449 951411897
315 717260892
1361 388208449
639 795909759
988 233293918
715 759886585
1274 775430129
625 977799532
950 286911915
120 595350860
686 31613822
632 638299998
107 573549421
749 345613150
855 664834868
62 976847547
643 728205118
1133 932482828
385 438565169
702 376108810
807 425977322
1526 969010390
323 688394032
23 643538566
908 673341017
830 752691116
660 636671439
233 272712756
853 479995562
296 570288943
1203 775250322
360 502083729
564 583321417
471 989770599
1093 289279344
1400 25126755
425 868412781
274 248475382
838 623902737
1495 628933439
338 200945239
900 703774792
288 351342611
1045 927029165
1012 528353996
1188 688843605
965 974721458
1060 533403900
1269 795993876
753 414955680
1285 447714815
1444 263727014
678 772839011
382 809105406
1432 900065320
1042 155865334
51 25816652
70 883147268
1502 176105469
350 914773816
914 601928645
1088 141597223
771 756015095
1543 971277622
479 453660613
1023 719384622
450 905535253
1133 233776479
1379 109425571
1307 144844841
215 343764569
1347 578432251
373 18385315
700 129380418
1073 259948786
483 656335432
560 274990718
1501 291690290
1020 277764651
892 923936583
540 457340810
1106 227332573
812 153239706
1256 263632895
1008 519101173
239 86796724
1391 775102600
1364 441491919
665 238405503
759 752351672
1203 955833393
1426 156189598
519 827975743
474 216222486
718 706192688
1107 184749064
371 771411051
604 618478620
1479 162354922
618 203096109
823 471233890
700 335637186
291 777715994
1221 958396087
1371 507535983
966 6173639
185 89297351
1401 637803674
240 676285893
695 483610794
947 634905425
415 737790860
892 128907735
979 55392920
478 741513700
321 960838870
1588 236575786
801 585079342
1225 344895050
433 308615754
992 36238822
77 415077579
1480 18572104
777 753397232
1424 94722879
1172 96640883
1473 864637289
1437 470522300
62 843733019
1579 836003848
1448 909613922
487 654834178
142 302644368
1503 953153806
1511 783192583
763 277149089
1142 443691134
1388 209528559
90 930692647
1479 255661442
1059 356429299
673 665926435
127 680442298
1057 600623930
339 143157843
278 968416589
1495 524042126
897 767677252
1383 245533287
116 911387634
1417 626005460
1279 146735984
1338 822254295
136 541213953
1033 53977843
451 263404477
302 222018963
783 293295794
298 446914713
899 38724432
468 827212128
1022 40063922
205 396131286
725 195427369
1158 329817695
1026 311125738
90 394128702
1231 732915606
459 98025329
1240 366038480
664 179230536
951 98272707
1362 756045956
429 26254395
1361 332260306
1535 805898657
67 384955755
1598 313033618
176 80154859
224 956049949
858 965193214
1360 727429979
1095 43838211
1138 166249138
72 386521853
180 761149795
1395 246371979
1434 145437005
248 327785887
235 639785902
1624 595037096
724 340962139
1500 206988874
1550 565714222
1608 509744954
1413 348701786
991 564534120
1526 208628813
790 341104695
299 14970462
488 651952316
468 42332918
1617 409001015
1165 630649207
1124 685406198
234 538146096
666 26771946
1231 701737093
1701 893336
447 59060127
338 542725926
242 445489508
906 825769456
749 528391932
1562 124249333
1354 536939047
201 26538068
877 150010029
209 551602731
1454 645930230
906 897082685
264 449070892
1325 413915734
1486 351386533
1237 368136064
1644 244492130
711 915321930
699 795017040
4 184078960
228 856544670
478 844514253
1347 217010773
1635 391048355
1398 647785200
12 958458009
608 88751742
568 895351527
1687 675519327
778 575500844
158 175156365
530 634230636
65 946846127
1121 330801161
327 664849112
1643 301143337
971 366226238
966 548166683
1217 562801480
1109 625148191
87 900166854
244 742807466
245 544669586
1569 445730812
551 39176525
1086 755218985
1308 640412050
1167 231807286
1630 3299469
142 533887850
304 666775077
213 448365992
1570 591541313
571 52224782
719 278567882
1053 520166692
1489 877730725
763 511106272
1365 645456923
1758 893763819
438 758494153
82 244358530
1518 619547317
1023 609509738
139 989678749
1241 836525339
1558 962457944
1146 115876158
1250 693175466
1305 682401344
739 442628377
1529 549502175
634 109300794
435 143040363
826 459157247
635 497582021
774 774753796
47 41796210
594 711242890
554 365770257
901 274557868
1190 146615722
1433 188320221
1635 686063197
1594 148280089
707 799681889
293 626262146
816 219412488
384 426995940
1749 7998214
1010 695853366
878 285843346
1046 174369655
425 798955165
1684 17702851
633 987626539
803 865318689
838 42220133
945 541440099
1317 342201743
1634 716465803
260 16856407
880 822738171
1016 65413205
962 863429058
1745 763734164
275 157836717
1313 17044230
1190 928768911
223 493760829
1635 575905177
1275 555784244
749 931979252
978 325490104
772 644320977
1428 801650735
1210 733134577
1075 204588643
1079 740525623
297 786384324
1061 926120408
802 186500015
1748 843790850
411 968032097
1526 649379333
1433 772151789
1794 98475217
1792 446167836
640 132745610
513 216620711
1163 911790742
525 764057881
1179 840622159
1840 408777385
950 778898381
866 858408041
1263 605591703
532 406375622
917 698582760
826 77841312
1031 60047354
524 584769619
445 893285308
739 989762346
1695 405302348
337 216713427
558 535975728
96 8048597
1003 770330857
1680 671650274
1865 735865572
997 92905070
782 645576309
949 438230036
1622 49228130
1610 616452808
152 691457787
1496 427335813
1307 378335156
1283 629450398
1714 181469437
157 57568814
196 78741522
734 268594585
789 856736753
516 184427660
623 286117543
450 900071731
129 39010825
1194 44252725
134 193460611
78 383611851
1545 571138692
842 636250405
1373 324275320
1367 198196715
1505 805241808
492 103225538
22 885379447
1405 356524846
1550 363333137
45 53434593
271 988126851
805 335816914
1609 473459719
902 803590883
1052 38388309
1377 954009633
1563 649967220
215 182089010
231 276559979
1131 342444280
1841 627693345
1174 844015298
1858 994836737
508 579253337
1751 813016985
862 498437026
165 250894889
1720 337242600
1720 652344054
1560 247025846
1698 389441049
567 954384696
908 316960044
1410 863615947
1881 900007494
1381 574757322
560 144013367
1601 302756568
208 55744484
1044 898007613
9 179383994
1911 319131780
1313 156980556
383 746758744
108 546532756
828 520748148
1248 248387213
1810 566405775
958 780106857
64 834270563
657 428458173
1660 365887303
1476 936498034
976 491543486
1355 315383061
54 15871561
203 236213754
366 98589069
1784 898525455
623 128160717
236 908953134
48 724176765
1471 253742019
385 965446861
913 447415558
725 758914312
408 326672639
1813 496134768
1889 165767262
1836 583088615
180 465832701
1139 351393307
550 163484930
25 42541829
324 425971277
932 481812717
645 480509788
1512 191173750
612 490886861
1812 325811485
291 703846977
1598 787648540
953 980426643
57 323081348
17 94804655
457 432254689
627 988474103
549 531587049
872 836744124
846 537911848
1770 584011405
1342 687474248
306 698076922
995 348372292
13 323895882
1809 295870684
214 361785833
411 380779808
1068 625420142
1123 957737176
274 493032874
1810 92719928
824 506655445
1050 34210790
947 926153052
153 79692219
1519 354897610
1974 561026330
1170 969391442
505 213074976
441 813785446
1225 501397400
