2000 100
1 224826044
2 557386578
1 217902834
1 873270361
4 306683504
4 999947145
4 681602134
5 246471487
7 931668282
4 553119144
1 530727052
11 465639459
2 346793850
1 961772407
3 315421891
8 374699476
16 420063723
15 470507297
9 991465339
2 52174568
14 393122953
10 794703586
5 884485097
13 745250936
1 933769366
5 572895157
10 684499008
14 779915373
2 975927088
9 92925037
16 269960685
26 861113842
27 759461432
28 279478720
22 171532649
23 248575737
30 45730410
14 969454455
30 752044673
1 618805737
9 216247418
28 506015819
19 441267508
1 928356230
40 838028891
3 681085227
44 277682069
33 890817531
29 371716721
20 846026143
33 682452481
45 115176580
26 642863723
11 717028028
49 660543346
34 429936626
55 668206945
2 847757548
48 493069371
29 958280813
20 467953163
6 208196936
60 964751927
43 268857492
39 474096898
27 961534315
58 271730914
46 218672276
28 519524122
52 440908041
24 969027254
22 127182185
36 374755576
48 131337078
32 377418228
1 191266066
19 96336003
1 954481717
69 3305929
42 375151188
67 633158030
43 195164676
77 789248593
8 782832282
42 721682352
7 175269893
17 676599801
47 994551564
38 956338385
34 117903142
39 106349883
57 983852928
23 707203672
50 898297739
79 903251611
77 45576768
39 118375100
13 526432005
49 895372976
6 555354631
50 82865397
52 125009575
12 978349650
61 2676438
77 350509043
74 626154707
54 621847870
85 663706456
97 728550787
85 633531079
62 752148727
85 259018178
103 176825220
60 778601498
27 257659537
97 905128196
92 637391389
13 357473499
11 706392279
22 311663859
98 745853456
90 962318136
73 143885722
54 498598987
9 75984090
116 854734589
35 517759100
128 801771695
63 920867384
38 813243426
94 277159546
99 924841125
110 899647580
91 439390021
70 176110535
4 166058863
67 161069662
93 929606413
114 325778926
98 834809942
63 552536500
96 518228055
71 539986778
64 401922501
30 880049021
15 549361650
96 437485445
42 228621072
118 526620194
113 8846415
13 884897444
62 895355861
145 139357575
144 119372931
43 450766179
115 250181295
17 45126633
40 313724453
58 828321555
68 831773217
145 810050516
86 129991694
99 298129336
129 123166265
112 108371750
89 817631080
121 888666609
76 887244910
59 511571207
63 262113523
79 812902859
5 877492865
131 984037584
73 42565311
161 295626315
109 908023647
20 313565952
172 789416675
102 788094964
37 926797693
66 738294867
151 45057677
179 528100022
142 638929946
79 297982568
85 859711465
180 991925948
98 838069293
67 700146916
11 544633158
167 682781177
89 317427564
28 170208020
87 383255275
48 706635796
141 702568176
106 11415325
198 229863954
77 874584242
165 997385775
108 1703748
163 153427515
192 556619788
140 136894389
135 216638785
152 450289410
191 681124280
90 770239783
122 593447273
117 376333698
202 2471220
76 383481196
79 146862845
115 957286836
48 880036236
192 192480764
109 399555845
179 401512893
31 49820026
198 838065282
45 602030774
123 978676085
19 125009809
159 133901266
14 366683670
19 630474887
115 145913887
81 215738988
203 74670426
98 449870018
52 398809944
199 874542587
138 52174675
143 792217503
8 327386304
164 618815540
164 387731901
82 997682016
139 247994015
73 908506919
194 948273245
182 608602529
224 408057725
173 575029874
223 585298543
158 448372432
88 605435995
171 257924303
73 468130657
70 144980948
182 266434444
55 424460517
182 599048749
64 458303071
84 519858060
246 356739113
76 778131170
102 315346025
80 546068105
122 276031116
230 831154640
127 838938719
196 462956568
59 983355674
8 840027615
250 146364625
56 717968964
134 289431182
43 873121446
94 810143564
83 110619781
216 66928612
210 170757705
29 726234428
156 626180510
35 172012629
22 388975776
153 561964272
92 536766331
127 363094746
208 941160369
105 382572915
72 610764906
177 618968519
216 443805864
120 333739374
14 405084244
126 183670446
233 856692246
34 682629066
128 879522221
60 179161760
90 143456959
28 875324228
163 625072516
175 879337678
159 119314792
291 105655128
290 457120469
224 194681251
15 337893264
196 35098971
220 913735395
200 860893016
191 806565077
244 104233845
112 258100273
97 488492090
144 944223107
32 120183800
16 452531415
251 719231305
203 102052514
138 72644912
172 314135709
24 124458485
51 668923985
263 384340387
318 879111066
87 128080906
306 832667726
29 257278831
209 211887902
251 963419170
77 401864253
157 896634148
16 157202177
116 393487403
236 787368151
86 315965349
160 441377770
251 211968927
233 704344760
250 550871869
25 62710438
90 813525716
95 237338711
87 625939327
162 470805592
113 264979352
46 853839004
110 958565033
190 464577657
25 340369452
202 223736857
140 494219287
237 805970232
35 583649652
174 647219909
313 948195497
225 190146999
161 507451461
63 935945860
345 784418236
333 407087376
339 695382249
99 893047445
77 334318870
184 390318679
58 171055939
102 286096836
54 478522117
137 597203636
256 496678894
117 266721396
272 169917387
112 27916972
220 821278498
360 542390882
314 927273922
311 125741797
225 443433999
140 601196891
290 193606809
130 976714472
296 89554808
328 591154028
185 306739305
184 188265767
112 223666066
265 591343737
326 990740657
26 409600801
380 931797440
104 45663402
58 506200004
15 421959097
88 276177140
68 72268487
80 898737011
214 852813810
33 699593186
39 998150186
15 428727949
6 784145833
109 676100654
91 774696621
357 2853601
342 879292497
208 918716741
152 572421659
37 751467156
153 37025574
67 516851583
239 157985456
202 342164027
124 514244524
167 757216753
278 930029829
222 172225235
267 452338935
98 630585027
305 226741806
300 381620097
237 491808016
136 317722683
107 943793671
324 516077061
179 219177971
6 897756532
195 120342020
268 412437235
251 150806936
98 963263681
48 795473075
400 34213919
421 753006303
103 747932980
281 442319708
186 504223831
376 710036118
276 154173599
198 387531
256 87516774
318 805206556
82 902604534
25 321186676
211 990207415
368 216605924
208 697316898
441 660463284
11 741400107
216 460296695
89 509541562
27 579717749
238 373815894
66 886905776
293 883403193
391 186145989
391 77585027
45 725424538
141 761986516
388 994955558
127 649477741
383 294910403
91 764957257
112 426159438
169 241505124
232 565757582
235 748140538
380 726767355
181 307133213
110 378969083
442 216589011
294 657576271
331 607849117
427 951525910
45 357703841
205 532845023
318 428068847
60 976313724
50 283176807
73 988812872
47 160747677
224 636166641
405 376338475
395 829813007
302 953687035
131 10624722
115 15383423
124 691938649
255 38249163
391 955882514
181 591935885
406 766744359
103 219938326
218 710080532
469 45071542
476 431603837
353 407440812
294 56025254
207 429023126
377 494310416
8 913955584
179 205896393
352 301854408
382 805813912
184 829631124
224 769845277
442 319077077
164 815837959
89 222721926
496 498234846
492 92091851
253 465561336
406 615961455
143 145856114
270 146991119
229 33548432
249 205452432
482 539797835
274 199240463
78 343132914
454 498344148
195 972859552
470 424591928
35 365883287
353 408788291
248 760419538
216 843884285
333 363246859
254 239148031
417 852028173
164 42170422
68 978934667
199 351100878
462 497311881
360 707040412
161 579779854
19 13274782
471 220948073
315 687426293
243 594096722
257 180154318
145 488856669
320 476708634
107 994263526
247 913083178
128 956878713
427 8755034
285 893866412
155 965055173
46 978631545
34 171586581
86 560465182
193 815187187
391 166852108
444 509364872
166 75180571
267 853052522
217 758574952
20 970313132
546 616336708
345 619368727
422 404596811
83 826901020
281 12627008
139 205467968
417 703055484
304 687883665
140 258762268
368 347050989
546 688440809
58 242038127
177 554296317
363 571450798
312 361409694
181 85623755
486 315782272
158 137049960
262 935375019
70 139212805
105 778388170
404 69547406
211 142941609
323 934123379
330 72889102
30 658661362
427 772489475
504 829138233
391 825135060
66 113640497
86 270106332
370 909277971
119 752914851
352 601443389
579 871713513
326 982847377
407 854905720
245 883139030
466 973726478
314 209581843
79 276057511
187 771513486
16 715583908
537 686546112
155 645945463
549 851880119
540 581251869
11 868128501
197 722268942
48 370781160
19 536791300
590 834974762
484 457147748
224 928016202
68 127631762
181 716465701
260 632007715
20 785312495
343 67111828
328 768125427
269 875757030
218 743958861
329 891785277
432 227653140
7 639854357
206 22609251
445 570137063
6 116925656
103 308008536
331 410501634
25 704555901
564 108557250
341 808543088
592 657568103
64 761644613
30 653675358
33 615949560
303 181493768
67 34554769
433 825455433
238 98722585
189 815021192
340 995599680
635 908321731
575 194478234
277 420539565
199 735468013
568 990195789
205 357457774
199 863224661
348 328939416
1 577458546
175 858127349
85 493144204
82 40108058
543 882837304
397 508586409
371 572612864
204 173529160
240 699615032
173 85578830
145 315037428
25 328150527
223 856792623
346 984565170
315 400248877
618 685229701
300 709987245
491 934620136
557 470888282
518 941223821
505 720104209
60 457552902
20 931032599
256 135757880
353 37244100
137 601392288
431 967250597
133 573647798
652 505767702
313 147516699
453 591863006
36 823170124
355 2027356
406 447360398
75 195258052
10 518018321
255 38319495
469 766463198
318 660506389
346 565286516
650 175039445
114 946472617
91 491215272
673 162190467
76 373617436
396 242863723
498 170416221
148 459169199
58 632289555
406 174122065
662 976336086
272 434710216
514 491103265
118 2989655
619 906184829
345 389418106
519 590317338
349 940400429
18 624878459
340 81818330
113 559607986
619 245373693
326 559108999
302 203276965
250 579739696
48 35115433
276 626322116
272 178108963
600 151362212
226 858447915
127 861617438
549 658310062
669 164651979
309 463749100
610 394414556
533 294421005
329 822203449
3 761346818
385 287646249
381 22445320
486 140264134
693 279777394
647 17969205
669 959077064
531 447029977
176 707566414
517 953666207
197 985744057
551 884944777
547 903359469
223 451231394
380 891001731
198 81798753
55 755525350
88 172376190
474 782763485
146 33481319
240 697526801
367 518372444
233 794073172
275 714938532
603 497400950
309 4780572
76 602892471
426 461766921
576 486507870
341 298716410
342 992807966
8 674849096
125 867245990
24 865688716
654 298901348
478 689182684
530 865122584
270 574910113
64 176389907
214 155657223
330 795453269
440 422565704
124 623873853
628 823054502
462 303505957
508 297460937
195 515176889
109 820239957
156 694644269
309 377245494
415 470482668
335 708776262
722 951105270
228 80058188
429 913084939
558 672542225
467 337042828
711 651918453
93 325512452
87 939825251
273 549141115
70 57459758
254 829583682
263 961009652
493 710079180
622 323756311
512 40764275
372 704847696
343 484115493
386 141855403
75 561367812
10 909542153
405 489048696
696 74734657
322 440398685
698 356688118
781 614250477
200 549999042
188 858365615
645 281074619
379 369123123
213 832769581
708 212952046
293 440131562
403 415939916
394 706419000
1 371743093
58 136823030
384 570836635
9 79484678
46 72707180
13 326491507
176 249329257
475 877338180
554 396130701
328 249643225
521 39950743
674 483517207
82 477854305
719 136802528
630 598614024
696 628031818
750 267756268
167 490813576
263 502524901
694 343029543
421 986602505
553 736934068
732 586678996
333 324481405
506 610344042
750 133737891
756 458103003
280 17323304
229 234400946
80 514312752
373 834407008
835 361083821
764 29122362
87 869167810
631 162725795
72 937462524
320 632500611
513 291336864
457 594328446
618 806838936
115 408408825
617 169357949
533 563148406
756 154013286
309 539464755
458 799061006
520 366437177
792 550667992
768 745828542
108 489051299
503 115095121
486 229364855
399 334340632
581 274032109
195 397352265
133 373109796
650 417743870
328 930495490
341 234901737
654 436067828
690 184118300
708 315350207
32 734823476
707 539997959
174 347036864
557 251833915
715 330466801
8 525775068
275 48384034
701 408663043
841 32317085
152 602587696
373 168340719
460 602335298
698 816922466
244 966296709
527 462102366
59 384161566
20 715083936
347 186996991
610 626925931
835 527369173
771 106784120
295 392847760
34 62137337
489 480517972
10 804511511
442 439825616
25 26717259
307 995187106
664 617430927
829 855891559
611 997691056
505 66476281
790 956700405
854 768268422
209 588618160
341 334163084
690 154724253
346 651772035
668 545777101
378 770800520
713 586654422
248 176769948
146 162242760
335 320026979
712 91715492
680 589300332
698 485752076
268 983766030
380 244892447
750 989066424
635 4974206
883 266708203
616 513877934
737 439729033
825 98708474
347 167764330
650 632314315
316 619658425
593 379505983
719 658618920
153 504722395
851 319464302
172 538258949
439 466273767
155 669000346
466 555033105
580 269488244
869 426809121
82 946853885
684 486813459
742 918881347
261 162961327
593 215257254
384 264536040
333 102835763
468 29368814
476 781229564
842 712183724
475 765894094
799 535629432
743 754745100
383 72177467
644 943118185
915 378421506
706 735254061
439 716118852
555 773378514
582 326317896
449 494124632
171 575047951
664 1746527
444 115598856
674 270021949
148 476657394
390 186087470
854 702278476
600 877223456
220 351150209
500 19901109
318 304970693
558 963786261
901 317967861
166 973446877
392 44681902
615 575359150
310 37750962
379 823094705
569 114717869
685 115025750
976 269513044
17 37608942
266 952752305
611 757560973
681 671164172
349 681157658
381 959084414
351 435540650
915 280571746
109 899108895
510 402309555
245 709664346
11 591819016
274 380465737
442 19615849
101 170944750
374 524968924
939 520388679
359 520043386
359 230087490
30 264110129
522 879348413
768 309163624
886 974749482
611 584465087
149 503560475
48 218582867
983 350727416
990 615832063
96 916600339
831 799164463
980 149304604
784 552245980
722 214008301
155 971558040
950 204489012
289 882330590
974 930604651
480 493318384
56 839722165
792 350604862
318 634639593
403 670795274
277 134543529
693 910150089
690 5188384
9 717329208
656 169696106
395 172347651
660 213622500
248 131404134
339 452081860
539 541339993
537 241639434
43 189166930
587 219438353
791 523154241
243 291283980
994 212116237
687 7564429
399 342610767
547 221775079
7 738759857
420 785615045
312 336432440
140 363926282
941 353770937
935 885302357
857 815453314
26 768533127
835 540718134
244 687528807
122 12926930
1041 990672099
321 429227841
530 726983135
275 66206044
393 893642251
41 253764879
925 614892288
511 798956589
327 220313733
866 734626207
624 67660801
761 335894217
824 255295404
56 679631583
434 279465421
917 721262182
1065 379312847
428 577728984
1045 131034082
964 454640774
379 650961671
751 889312560
876 623234881
270 625603261
52 858815653
663 104092951
363 119980199
997 165158911
286 287240085
608 615737155
339 99357836
116 752894920
1059 309873970
467 370797776
785 875031972
812 979369662
210 895673252
154 270819897
122 53375007
1024 272287481
40 450014983
881 888197418
1061 359412562
602 825394155
432 367873510
77 80767393
127 225708784
860 466884164
533 743035916
427 265752365
220 581467474
377 527716313
772 895997437
265 837808450
844 41747575
136 23659538
902 686424022
35 114758464
672 855276942
89 437006968
1105 249041132
334 95953208
613 194226507
416 565498966
888 247898271
1075 787214532
865 719100773
188 874047919
917 71241083
668 453780642
247 206096375
570 477520615
248 637854531
461 8124835
289 639814795
842 489341393
1123 749663068
379 221618513
318 37325345
498 974615311
758 742611566
1056 974892563
443 241406354
471 647945196
237 985175923
339 553657373
532 464391344
714 642686542
590 252395693
539 359006027
227 618660031
762 320379423
589 998287558
261 594957654
54 540945056
967 936805209
250 169998145
204 669930381
619 617579138
299 113856980
867 805607300
111 167922885
67 494275553
223 248188997
777 188510551
834 216112146
673 449812619
9 472697615
594 772786908
314 128371624
531 675921283
552 569712887
830 638911743
897 778618106
370 393147183
867 955197852
235 302407366
863 508535954
585 113508900
26 467436731
65 564857337
825 633467066
895 25396109
535 218840371
736 51390864
748 713602042
423 978789070
1033 765310513
933 330534361
882 848602158
564 879435021
471 459413404
873 302429081
1171 250776002
110 301844686
1161 191053876
837 184707367
840 574500588
497 295649427
290 125102294
310 117531569
827 973187480
1003 619663424
1136 669990726
890 874586828
331 402021591
873 318075138
577 592390434
402 807743852
763 607503360
991 346622319
1016 336321026
427 174419822
323 13993607
178 870437249
420 959461887
670 516287616
277 961804408
271 280701372
696 40011707
707 850214997
409 345813234
194 492187653
1178 114548018
208 109012726
520 343994678
773 279364043
1036 870718601
1014 521474046
463 542548259
470 437379530
767 438984645
3 624727820
500 577083886
179 421595641
437 159160130
403 926897735
1071 364512753
850 600579242
49 512192992
924 899520881
1161 340552258
641 246909158
724 937295607
370 316843108
335 892562693
513 22722244
350 576230339
1140 617692923
487 739992115
757 98371984
275 148523874
708 347137597
673 662793121
439 518522119
246 141116031
1082 369901705
1006 496896072
313 574759797
262 306925531
779 149971401
291 192752116
51 971444918
305 62714615
408 535346325
670 105269150
706 528956473
154 201944355
747 422452412
763 477566966
629 727386369
151 15795586
1196 529545448
343 985841608
115 945284938
78 526497190
358 936428050
252 212668897
67 392655262
1092 430340795
462 696738827
185 901169816
1193 561120547
226 356661497
796 872559672
341 111289178
911 939360408
627 210243626
614 485847210
1253 23946645
714 989981299
1171 200639097
480 432637370
392 381921039
1235 840074687
1192 462818058
90 900653021
881 316526968
122 367110636
739 627180557
541 957878211
1100 701760499
1155 833701529
668 790264285
776 769818738
1255 489582174
662 463925776
1192 711649363
1068 565873732
1133 367377201
1021 499280109
858 66780682
1127 41407706
1037 525467889
1068 718211424
140 338346684
189 624879235
251 817859722
813 441922471
957 597311598
643 210377308
205 140459048
1147 317075947
965 86048339
57 847858095
782 220544341
345 536407702
928 877039595
1114 665237462
853 396949838
100 495303145
15 720084004
1180 486675410
975 298773053
1278 123124278
997 617866983
920 927724199
359 489400150
1290 94264031
968 825403485
1051 86861707
224 15340622
1326 543547538
661 408253118
128 779478842
338 975214212
751 631191517
129 295451989
1204 760997718
818 401943271
1024 585692964
615 426657340
316 636346092
198 902565771
1202 863894264
1176 155442430
1155 852109489
973 580301323
197 850632873
615 559044600
339 855829831
1147 480537818
477 501412181
332 397552466
756 835612827
622 320278379
704 940916028
982 422287287
312 882553994
1208 604288092
1095 825311024
220 54490964
441 462655482
47 790577615
748 385554937
300 538131645
1161 846910210
1264 341903994
169 774736172
1064 404770239
583 603304320
1106 947540346
826 719572810
165 887896850
816 522699079
688 908138649
658 20812580
690 189874855
1189 405210732
1258 572739254
649 667811263
595 962581477
822 622860088
1025 391587240
354 305864233
705 41899622
844 787304588
1262 137400927
979 857028391
469 167128964
1139 808799012
1099 817255288
1376 145710470
752 351768514
577 360284782
432 94736276
93 618265213
1189 968464069
1009 259593894
1078 450944466
237 244085117
365 757988188
241 598748351
543 482794610
1121 778798141
1224 701513498
371 239553171
1003 784776320
797 196051961
359 310861584
836 822704795
1231 259502347
523 884576065
71 640437684
13 553682572
464 36198962
9 497708954
70 63826180
620 278788181
784 224573747
611 11939090
154 745562502
1384 19671502
158 226574354
1400 472061214
100 690229596
240 726577711
366 913111987
993 364877313
327 980250466
1179 997896329
1030 465192038
637 270986497
379 209863875
1201 843641150
1053 814177863
1119 506368617
94 220081905
420 947704200
503 950360278
1013 954168122
771 426899331
1245 900355976
593 656624874
1401 607259080
377 216121535
597 746746462
272 577131186
320 869633710
1150 970580867
631 769759052
626 974652966
966 600436261
1162 698960395
513 428039107
1395 156314583
1176 84687709
792 975049667
178 368875827
1428 450344293
296 637751356
339 407301095
603 173076625
55 521100767
341 528063579
656 96861913
1084 323703329
803 816440970
890 609704705
911 557420224
250 469626369
1427 608490100
580 527312548
1352 58341069
443 333614745
200 273748850
828 161290133
1436 232491144
325 410026621
1169 342064942
1410 892438407
1147 947550479
464 473308385
1281 713423523
309 429031677
560 885205343
745 661161364
1416 137784783
354 445547539
1378 361465516
900 867051207
456 513067286
781 440507490
669 525431379
1056 142023069
1416 396578976
1061 285472036
1273 873301957
1129 494328272
1243 972283137
1483 811516291
3 699123487
72 363191146
833 458260842
381 880093492
128 236352065
370 487059869
128 994461143
1342 616450577
1264 764149468
251 354568944
1148 491460716
1183 996100363
638 811322752
823 300551487
1110 556182840
232 49767761
462 925660085
588 849202342
1103 969739548
310 382365507
1032 250662066
1337 353161199
716 956879433
1155 864143464
67 780858227
410 433714152
627 9189333
562 673345881
982 263361239
618 981473464
1136 735931776
843 996698918
574 336748589
1207 594630189
512 412898316
18 718523815
43 719231882
303 560365151
33 458492257
435 943530559
1405 307090869
368 510434386
1399 622547186
1252 307056703
5 770693994
1311 588600713
1411 380325778
776 340932659
160 702915900
1076 182643869
374 12956734
802 300752491
866 418473066
745 699362274
1282 206942344
823 262762412
893 817343416
1064 988814235
1319 484761422
402 364069862
1250 864611741
1198 152614511
354 473567729
770 517152074
1446 305474662
998 957548609
1200 309536493
1390 434649367
1317 384374219
411 113552929
775 665705075
195 14418984
505 562107443
290 19036777
299 405018105
1400 920411338
577 53056513
484 275841675
661 820779864
1100 230350256
1150 29100802
1202 101102539
1535 724828615
379 299393526
1262 568139593
244 348343430
1252 133634955
24 391159623
1584 932924465
1087 938425147
243 402093723
48 719627278
1279 922568617
366 439730798
1465 951764301
1058 642952184
941 418288058
1228 483531915
1585 536056502
350 97781051
140 937592730
341 961295374
138 865289842
1439 200985940
632 891068316
332 495588761
1520 576467532
233 678234977
371 24241429
875 219840753
185 366546250
1414 589681470
1385 396674561
1146 385667529
1544 871904122
57 598822102
278 82008222
197 828818655
988 112759790
1211 161175445
1171 789240458
1315 539856672
465 82904550
870 464562906
811 247362003
1138 823089774
497 604587926
856 613221225
370 714915671
480 566191987
1059 266027568
1516 767267849
1428 498490827
1430 214022054
778 127141586
1009 730228064
473 984776266
48 365628234
318 859513203
995 294514252
1007 128943897
6 602817557
1173 430215451
981 529029919
1106 130882818
1148 569055969
1619 934486334
1381 868185565
1568 67293330
1322 216460952
221 384439912
344 102177738
686 56989971
1122 323522787
616 121740279
130 736400044
703 306103015
624 125852625
1321 865469883
1370 668376411
177 304867803
962 214755120
1318 808746074
1556 608136475
1267 287388812
1366 65981005
459 411375858
1278 527339605
58 393327532
17 316642918
1078 242889587
7 469888223
1088 664368388
1171 724388893
50 476668042
23 784247029
1541 583228834
515 493026167
558 932411150
345 423823170
1436 549548840
1341 871636318
62 417601943
351 826678824
868 632253088
353 112102120
344 432640812
898 274909094
1159 172166850
175 516929092
1003 927762351
1341 994758577
1545 100517412
916 671563384
762 563653167
943 858570022
275 671086182
220 320943794
1553 65625641
714 708806184
16 161808704
399 537666029
1206 898571263
1590 417353445
754 57090401
715 955506611
37 755702316
1487 242185531
946 799330100
787 612744328
43 871565549
311 353312049
119 952249365
881 162242177
1641 840640246
1092 57902256
1326 92770688
360 314692046
32 842915689
621 831811359
1050 308599122
174 869902587
638 739722050
100 388285640
902 84200776
494 582724279
1503 181195190
637 807147653
16 526893069
128 96876608
936 239851458
274 960400439
1113 383506795
1199 931395130
1151 651593021
472 461146403
468 489895471
1275 33063269
1436 809543830
1709 899320218
1091 427183841
1288 932103462
488 937359330
512 833826299
194 299119832
1326 602648887
1428 653507595
177 514323076
108 375562127
1394 273096167
826 664973094
1545 885662746
1562 310052980
959 201113969
890 797677617
279 378950150
632 363289269
1621 288033487
1077 92731906
638 677384851
1056 855928447
336 549681851
240 176743888
1615 661679564
827 674355895
976 984740002
1409 35573212
838 856964292
1586 104108788
171 733306651
1736 15842857
1398 142812808
161 417634943
115 464657420
54 66554116
1396 389900008
639 882895271
1594 512218711
29 172371737
282 887359076
1211 666120206
1532 556429989
1709 60351298
92 913157593
1168 474166539
594 692601770
463 666176784
634 829701711
1607 156766690
847 434301258
92 695150359
415 867329086
1087 630394334
1675 642640265
998 87377745
907 97652590
584 371091825
451 147269865
1420 181908737
1138 400608489
635 479176351
1126 175303310
886 717278242
237 561423279
1369 217396112
955 551528405
182 900777808
230 769109618
1772 195533404
43 513082499
966 610302284
230 577750037
940 969788609
1587 537153071
744 726194211
521 200491568
484 755528907
283 448003507
381 656055626
1704 936536933
259 901079703
1443 592853763
564 848613367
669 433795699
141 480954506
511 754602824
1656 966778140
1518 413169807
596 47619569
1406 535884464
1785 55167554
831 49717249
1513 416071286
710 609451217
1284 235159971
1803 586313055
1293 447117123
270 405279402
22 178484409
1792 140200396
1279 16349313
1527 156950504
669 261432984
1780 714718197
1681 296375748
1395 718286013
1725 5784723
1287 41488146
1079 756432487
1734 837940027
627 49618451
1598 25869962
1600 351361715
1797 964204183
1373 871543169
1315 838508183
1282 502539508
153 763470661
1211 778082749
471 455542231
196 689866082
1531 607776995
1678 973235874
350 426168927
1527 255173183
229 606296756
567 445489523
1584 352735000
681 200645213
526 330890916
1288 771858459
1034 438922350
506 374839352
134 547296660
573 727044778
235 123446891
263 295851663
1511 374213647
539 787500743
268 779157758
127 565740886
1306 974941908
1835 294561125
683 734040021
944 217581346
1694 820819384
599 522515842
843 883868668
1010 88983215
301 930283738
99 24370822
325 88669373
1460 78430660
1796 22124095
940 948950904
397 479735451
1021 830234116
1371 24013379
1379 769712166
1269 921010159
975 90787395
1417 997967955
938 764737058
507 326199399
1837 343396930
814 896771803
289 44266496
254 693766731
589 9594602
1518 527021578
1106 361850440
434 561147537
1231 855429876
1252 551837605
500 492410096
1888 394616509
898 556050687
739 903282916
674 405761947
1166 680436575
557 338071897
1517 844300808
8 130861982
73 519804629
1309 982056689
665 59550680
667 777332363
11 833918227
1312 776948512
1037 838383437
1349 589527067
1297 327396366
1040 927379698
910 325280273
1790 508584808
1581 575434489
924 327715034
238 439672318
1827 723430858
837 61976417
889 768895483
1000 758310655
1049 835830778
1302 741038805
1857 696153450
487 316679867
126 297026852
310 922939261
230 92439123
1304 664573592
62 648332610
467 951295324
407 770631077
1344 685896926
454 62445750
749 212023932
1455 941037959
397 359412336
1539 768210133
9 15782768
676 431909180
633 511032769
647 274482249
644 888454967
263 154495955
341 361071300
66 133331522
407 892730372
361 278425317
1456 128204925
1449 309690849
1189 726482406
1717 84604443
323 406871874
778 769527556
612 297360331
1682 152374679
499 344501131
225 615075848
1575 244892844
533 350022460
211 887566851
427 799055548
1930 893742319
1476 72914239
149 824994297
457 609401157
1533 842846508
922 50624996
156 265179650
613 474620590
1233 382871300
378 131867710
961 998830132
854 942530644
1220 937881629
1526 431586280
1143 223059957
