2000 10
1 955712107
1 508460167
2 933502298
2 773792109
3 604976842
3 850726222
4 673596677
4 503980728
5 332551997
5 203262571
6 945286553
6 23246051
7 81253923
7 904713238
8 993440628
8 71177584
9 271650472
9 967980604
10 735592801
10 597008257
11 14520885
11 502205736
12 525530318
12 801089016
13 352167008
13 985936363
14 824916007
14 598011005
15 653000546
15 77169070
16 983137858
16 104841140
17 561491009
17 777145625
18 970547515
18 487867689
19 875110699
19 603987688
20 286913855
20 453442001
21 951769919
21 155055679
22 779139453
22 408854089
23 536642245
23 104700058
24 709384830
24 184802835
25 47053074
25 393201214
26 566053877
26 945092026
27 944871189
27 145164194
28 115645407
28 992573208
29 743570280
29 314292677
30 482065779
30 614928286
31 428558976
31 555933647
32 671095167
32 168651134
33 505735847
33 401283153
34 77660170
34 831591678
35 866317525
35 663148728
36 798701859
36 612256091
37 170781383
37 39029392
38 517970992
38 443376946
39 957317945
39 225080182
40 738896926
40 8304612
41 562967197
41 534981824
42 600914486
42 904899601
43 602884145
43 907220493
44 225768002
44 529067600
45 757835978
45 216274425
46 431346665
46 94219389
47 534762113
47 220317980
48 536654892
48 872394236
49 876792644
49 233453745
50 604175496
50 972404602
51 722648358
51 113055876
52 124960349
52 147020739
53 768356277
53 132915387
54 580983822
54 288415102
55 431112316
55 798053758
56 783899079
56 952750080
57 864598946
57 408884188
58 205932002
58 725914428
59 458072820
59 764262787
60 72408262
60 995037753
61 452073976
61 885457267
62 435900696
62 593303339
63 55435874
63 272525896
64 954694598
64 338907677
65 800989209
65 479734237
66 349492448
66 764774536
67 585465793
67 356348547
68 500670608
68 957772744
69 464625404
69 317661353
70 375204131
70 648950758
71 469438286
71 929407723
72 109898212
72 536152766
73 158650357
73 591037087
74 519565558
74 745676291
75 937377387
75 233393928
76 161330476
76 822154219
77 741676464
77 182739309
78 703829946
78 674639322
79 351713196
79 462564842
80 842685253
80 543234734
81 389769729
81 943459884
82 830595816
82 696364267
83 75832993
83 915086417
84 931719800
84 979328677
85 219698841
85 667119434
86 273774264
86 622764129
87 604477707
87 864992357
88 527456874
88 450114036
89 548784912
89 678462595
90 412349872
90 300368806
91 460554315
91 621318790
92 527808235
92 700956720
93 167643336
93 148077531
94 303036459
94 363604751
95 470854094
95 493832019
96 615891897
96 604687770
97 605005831
97 766433777
98 347578527
98 576285514
99 555776050
99 591423683
100 975067108
100 565324124
101 429583916
101 797537490
102 850831724
102 407486511
103 562578912
103 340302498
104 195812951
104 142078750
105 126360171
105 344231541
106 137125896
106 168341677
107 55950813
107 56287836
108 456554328
108 122272108
109 877051357
109 704491124
110 604710221
110 662046599
111 300876162
111 966713402
112 113954444
112 125275089
113 676312897
113 111162999
114 583397094
114 888031518
115 582716411
115 1774153
116 794115200
116 467533693
117 869719965
117 526221741
118 486550833
118 703588282
119 972790554
119 510895590
120 599695800
120 278077954
121 973355589
121 129119956
122 440778816
122 264014565
123 368389018
123 49647276
124 726179078
124 770683003
125 17580171
125 680997257
126 703275395
126 420879605
127 592582886
127 738497528
128 541672573
128 910476520
129 118273715
129 21369322
130 305000854
130 744290393
131 166078506
131 489093724
132 703573802
132 205946052
133 25093126
133 258294071
134 164902902
134 752762137
135 480142856
135 602046494
136 241599410
136 698687079
137 534108233
137 68503586
138 398541012
138 316250317
139 892380008
139 329717936
140 20640317
140 291487265
141 712875157
141 521720738
142 569114156
142 816823145
143 690164522
143 451802777
144 74017400
144 542521238
145 88090067
145 984472499
146 801865359
146 55353815
147 627132864
147 914746717
148 197777747
148 946498438
149 784476158
149 617398086
150 105751311
150 114162042
151 366136745
151 581012711
152 960592920
152 517375551
153 801021
153 732857699
154 668784767
154 55290835
155 468357083
155 504930915
156 671360272
156 333765956
157 314470318
157 870807782
158 372061919
158 681640369
159 483800634
159 866986170
160 54166039
160 843010529
161 904696254
161 649497838
162 863893373
162 512338536
163 524273559
163 999049302
164 458284505
164 908417729
165 848826890
165 975511131
166 313768316
166 297827371
167 634971676
167 958150212
168 619487459
168 661744852
169 270478296
169 997254717
170 815674301
170 241982571
171 783352069
171 966229073
172 455467289
172 732062955
173 561675029
173 761026857
174 583324326
174 480313366
175 103898092
175 796432910
176 225262319
176 211344634
177 443676727
177 910068308
178 541968973
178 538459857
179 328337429
179 136861083
180 631035589
180 416717816
181 255448098
181 774718852
182 722181048
182 904411764
183 71605188
183 634844658
184 492620867
184 313420930
185 113850421
185 833472250
186 222867258
186 79802323
187 263329808
187 712327901
188 15892008
188 743737862
189 196986840
189 815670460
190 672223424
190 571759682
191 352733222
191 841924282
192 187055750
192 995069461
193 859070871
193 765366813
194 614659210
194 498246241
195 868390331
195 839262451
196 642885579
196 618472166
197 850677253
197 849653049
198 483987078
198 378360114
199 102439212
199 192976319
200 138000015
200 328636236
201 54025702
201 517061137
202 61534727
202 230570125
203 53355663
203 385410670
204 336685225
204 478585824
205 614778879
205 410102547
206 323240960
206 454469786
207 845569681
207 292564316
208 631865401
208 330644892
209 406551576
209 997266035
210 482513439
210 938673766
211 928762694
211 723909013
212 105512575
212 562816182
213 758612977
213 311695826
214 529968985
214 544641818
215 87779023
215 779665756
216 93113845
216 93293872
217 572129444
217 391496901
218 738563907
218 567566258
219 956053934
219 952883017
220 886342295
220 615681626
221 71753551
221 214299943
222 944009331
222 750000245
223 446955337
223 161318128
224 796564127
224 813413520
225 677332526
225 699960529
226 795987036
226 836098357
227 879359681
227 454819075
228 348179279
228 438180161
229 227055757
229 37322407
230 214541937
230 333519596
231 915508840
231 908389659
232 480064992
232 676538906
233 622094384
233 725298690
234 984330986
234 743912675
235 300880385
235 264931634
236 614532969
236 552448003
237 804456925
237 488145017
238 246296357
238 94430746
239 398327537
239 562429773
240 998164471
240 490281547
241 738684571
241 919830528
242 722991682
242 883062596
243 645947694
243 244378995
244 432538405
244 550706152
245 921471554
245 556508443
246 478118625
246 428177712
247 437057058
247 915014004
248 254502933
248 878752732
249 790155825
249 785112210
250 462125868
250 24425262
251 426391327
251 929209071
252 551163566
252 254341807
253 106890360
253 186396671
254 551304983
254 715995013
255 136418814
255 816934780
256 164538134
256 165746029
257 722926611
257 328128738
258 636483812
258 983619733
259 155940626
259 230249495
260 42790646
260 695226145
261 724808569
261 144971607
262 54934847
262 91076304
263 221390744
263 261251345
264 889039273
264 233663373
265 371620067
265 664872098
266 464506747
266 595842430
267 6157063
267 107926316
268 125579098
268 220301583
269 886046883
269 995378611
270 983414724
270 50217646
271 867742039
271 171169233
272 682713125
272 339142383
273 498211825
273 12756726
274 585157725
274 946454335
275 493210281
275 360383019
276 651951100
276 843366370
277 510048898
277 298310337
278 768708104
278 825092225
279 608872032
279 585283293
280 658995360
280 977604604
281 304818027
281 589560862
282 642026103
282 900567253
283 378666802
283 733628821
284 697102826
284 451735014
285 430139744
285 622925812
286 287132282
286 68701678
287 332465893
287 13177273
288 962176355
288 745974189
289 432281408
289 376944825
290 294196861
290 477413265
291 527944934
291 618017450
292 407804069
292 76503493
293 92841045
293 81495092
294 482761930
294 670055095
295 27682200
295 272228512
296 911097416
296 107059643
297 768834061
297 840822268
298 8968353
298 717123210
299 204572280
299 467962714
300 606324507
300 634650122
301 766074102
301 166402970
302 679741774
302 718599399
303 917124602
303 323306308
304 997541140
304 562171416
305 427192289
305 852744849
306 986367599
306 112160229
307 330064164
307 712408525
308 220885836
308 481694665
309 377302523
309 903080705
310 851873839
310 720833435
311 789525242
311 435791009
312 141849994
312 209548491
313 6113025
313 286713374
314 312365698
314 281444024
315 760681372
315 9275284
316 867313594
316 187377958
317 382003221
317 29400016
318 567121425
318 344579111
319 4224833
319 789480586
320 83762391
320 659790579
321 337748311
321 426007467
322 525373650
322 928155240
323 687730862
323 539577697
324 645333150
324 98146329
325 303546057
325 712333468
326 299904650
326 945282701
327 180058842
327 760873340
328 957299617
328 756474188
329 990066463
329 989528543
330 429154065
330 929758997
331 675033792
331 286232186
332 951445183
332 911982373
333 308028400
333 746391481
334 769193164
334 99887798
335 154381208
335 811368101
336 97801024
336 23273676
337 57034791
337 954225290
338 559422152
338 398573917
339 525872373
339 531953327
340 949122042
340 513522246
341 113686627
341 589371160
342 661203043
342 328177292
343 28604860
343 318868345
344 820078049
344 537457344
345 809657661
345 822693020
346 214680158
346 717541382
347 658465122
347 351149344
348 106362259
348 540544403
349 82915619
349 442791097
350 222226700
350 889278269
351 639543943
351 273659796
352 273503874
352 991184156
353 422747200
353 709254187
354 983270601
354 385290052
355 904183703
355 597706573
356 948340807
356 280594030
357 653999687
357 799687023
358 720212893
358 537246001
359 951396046
359 899073017
360 423434517
360 529152793
361 963305308
361 641016535
362 959973708
362 334087348
363 392046681
363 241376824
364 448733143
364 593494627
365 314286660
365 139102351
366 513220609
366 554078726
367 376742571
367 744521409
368 151937927
368 751201085
369 939235816
369 939768402
370 394504181
370 57537770
371 609959926
371 222452386
372 473981620
372 831790131
373 982019431
373 788797300
374 954463323
374 514887064
375 524282144
375 432110347
376 834831779
376 39723136
377 371120764
377 925543460
378 442945765
378 629639901
379 41965917
379 140093034
380 785103605
380 45650416
381 115065898
381 224485702
382 535630901
382 262451375
383 571756982
383 179446893
384 613971490
384 765927441
385 490001036
385 990403838
386 748964489
386 534493403
387 801918958
387 804235038
388 745341256
388 766332466
389 452464961
389 822948225
390 78830781
390 705730034
391 208187244
391 745372815
392 473425535
392 392679918
393 188417358
393 727361725
394 634052744
394 893909320
395 502049887
395 707870322
396 456262527
396 779137603
397 447439369
397 420269494
398 143956542
398 574709132
399 49413938
399 285615242
400 33299670
400 262777971
401 285731129
401 47382332
402 11311805
402 726105570
403 377040864
403 276189494
404 2266088
404 359374710
405 130053609
405 808549133
406 981910877
406 717325026
407 462151147
407 603883814
408 207988160
408 223721342
409 528538264
409 317559296
410 826229948
410 262992651
411 774900400
411 690349053
412 711214149
412 571900014
413 596116031
413 248862441
414 878442219
414 141602563
415 302668801
415 576144595
416 728880190
416 43251057
417 687240938
417 986864475
418 344503430
418 398803507
419 158201283
419 266764103
420 925579905
420 379408798
421 963471811
421 476238515
422 67589199
422 838468729
423 590051477
423 585945573
424 232802601
424 814624333
425 8903502
425 545753243
426 515770050
426 528615580
427 209311194
427 738152286
428 177389609
428 753763984
429 106424560
429 337904181
430 99155051
430 470917732
431 287949278
431 959990572
432 605856358
432 884771869
433 231793292
433 530667475
434 258014497
434 814087482
435 717200086
435 223820259
436 199451552
436 362100639
437 954027974
437 730586988
438 352635215
438 746017584
439 932380286
439 233992403
440 340348966
440 560162199
441 952425851
441 738437993
442 439980582
442 106578338
443 213636412
443 304872411
444 470373329
444 245303145
445 147131227
445 474909191
446 871457831
446 989704617
447 640593693
447 68345591
448 916924382
448 59200087
449 820430781
449 264246347
450 539615057
450 176797534
451 41434408
451 368384081
452 770600691
452 211012993
453 826830324
453 797348885
454 992796987
454 690980458
455 970667419
455 188391443
456 572108485
456 445051395
457 685617642
457 357588003
458 517727134
458 528208213
459 235506527
459 462782674
460 419954117
460 785190409
461 812929758
461 841991568
462 888536597
462 962335976
463 769816766
463 761570636
464 341278329
464 666602032
465 444223555
465 862289132
466 168288333
466 900001360
467 394193357
467 329945428
468 277371790
468 213739936
469 47978760
469 969266442
470 702867356
470 2640568
471 620842621
471 481802183
472 439991673
472 13210640
473 251206014
473 451674558
474 366582046
474 897606106
475 27413785
475 445740211
476 29800652
476 900088568
477 869368046
477 337971236
478 495245664
478 32678533
479 119820225
479 293920924
480 519984344
480 433858311
481 49580393
481 175672271
482 407229861
482 565365554
483 608080086
483 685037840
484 73637315
484 48040420
485 606186094
485 209510732
486 969164263
486 961936916
487 88815540
487 939536354
488 79483751
488 342366225
489 300377450
489 508101807
490 552299094
490 995404126
491 673003633
491 671820156
492 813955982
492 634795306
493 221242982
493 904923188
494 47754036
494 482791484
495 661311391
495 184870751
496 310140045
496 293047974
497 185761267
497 503179764
498 523383956
498 717410192
499 686702094
499 943389827
500 72591873
500 539368335
501 886463617
501 220409729
502 709582403
502 194239657
503 463459861
503 838310512
504 47494772
504 819477763
505 874818802
505 383263171
506 322194228
506 303576236
507 60034327
507 955340083
508 743000388
508 230918088
509 7927857
509 864699469
510 219296681
510 696814022
511 862301226
511 545512795
512 753136241
512 198703280
513 423308521
513 558254102
514 253693802
514 114644210
515 250457475
515 482606025
516 586583080
516 105479634
517 775117792
517 18932659
518 154291788
518 340040283
519 673327230
519 753485809
520 318457961
520 277017133
521 976489535
521 846045889
522 849965534
522 302126045
523 920180988
523 796053247
524 193302549
524 871434949
525 445018143
525 198902911
526 709770054
526 447620417
527 953629821
527 829226933
528 651740196
528 5364293
529 858956315
529 672192812
530 635532897
530 76488523
531 765425842
531 644761874
532 944912608
532 896522825
533 390381124
533 369359544
534 265803932
534 42767893
535 116445857
535 148846382
536 635299958
536 533543251
537 8571535
537 185866718
538 564114859
538 245054096
539 297792045
539 922954783
540 690491161
540 410176220
541 159192787
541 973002248
542 620005989
542 890074245
543 61438085
543 351912919
544 777891243
544 372878358
545 224678734
545 313567927
546 66641295
546 886775577
547 909967750
547 487012461
548 739077744
548 718234120
549 339321435
549 363871880
550 859655887
550 10446093
551 958577244
551 219184394
552 998571152
552 630663355
553 487844481
553 55346922
554 470599859
554 181177057
555 469488859
555 685512028
556 831201096
556 55817436
557 191082055
557 685731612
558 166925116
558 410564626
559 891644707
559 660550361
560 956752066
560 178004298
561 996949600
561 254156491
562 320532534
562 956148564
563 366496789
563 891699812
564 814274960
564 527111527
565 75221779
565 817956129
566 176389010
566 810579066
567 94344955
567 359873982
568 450755001
568 922496560
569 499599840
569 294580024
570 476600894
570 480800064
571 58290149
571 380335512
572 390034931
572 917740320
573 482492989
573 79997409
574 854667918
574 596535212
575 622883955
575 763118843
576 753543910
576 622403152
577 477833994
577 725321701
578 233178921
578 778681099
579 404311066
579 884074232
580 560313825
580 31589295
581 444802280
581 394805048
582 80516674
582 277131021
583 72240397
583 835145021
584 297936077
584 142103627
585 184474728
585 442928197
586 791908310
586 819269876
587 128426043
587 803631339
588 214255690
588 53515589
589 833153321
589 967086101
590 286199160
590 805468908
591 816975733
591 173782441
592 470004748
592 304054301
593 175941697
593 831883604
594 91217833
594 89621698
595 422521922
595 313689074
596 552719891
596 421611406
597 207273683
597 97623782
598 185623146
598 821238165
599 903839003
599 219248922
600 815825726
600 454136058
601 621626857
601 74037782
602 363132730
602 478557275
603 483534826
603 407792230
604 63286079
604 651274048
605 497928743
605 581381715
606 25959041
606 212700524
607 878524300
607 489035573
608 499894311
608 287528585
609 196901788
609 270929840
610 945837637
610 171962563
611 150776584
611 324034664
612 775125984
612 840743695
613 567143408
613 633565083
614 689389807
614 415061698
615 182187791
615 9750575
616 402455908
616 608407401
617 739598004
617 690196096
618 122728166
618 187755519
619 586714138
619 457297110
620 613844620
620 251952236
621 600659332
621 137111349
622 218085830
622 702422207
623 808792820
623 718968735
624 633932167
624 728524557
625 300940629
625 782952378
626 710219843
626 139071412
627 228549767
627 209599085
628 380127952
628 415820944
629 370796817
629 500624716
630 664147425
630 708214828
631 591851111
631 999719954
632 205469627
632 495335388
633 614209115
633 905885938
634 197660794
634 157200452
635 254367362
635 74407179
636 861874464
636 650208850
637 938299400
637 450524973
638 439729377
638 109781032
639 61403306
639 364852642
640 484276945
640 548491945
641 681051379
641 897711668
642 953367796
642 443951515
643 231103466
643 815624748
644 53827500
644 511923799
645 520001987
645 249991181
646 136514400
646 403485660
647 653595669
647 190194499
648 26422988
648 723091279
649 315132488
649 221486383
650 508832754
650 177121780
651 319005147
651 547881249
652 754428585
652 693543942
653 850943261
653 501295656
654 885934667
654 360276228
655 660604235
655 82637312
656 374744264
656 897042706
657 918986469
657 261389196
658 508296601
658 714542063
659 64254661
659 948740868
660 551597998
660 495015146
661 804097910
661 379559331
662 341134583
662 465540250
663 944123712
663 609702193
664 556205737
664 790933153
665 595205182
665 442581435
666 366542673
666 370760089
667 180037102
667 142917670
668 217896055
668 343985810
669 242648723
669 966654670
670 301238988
670 389384467
671 660417687
671 78777156
672 212617418
672 273905941
673 661841612
673 949112553
674 754662463
674 438192637
675 534145767
675 444938291
676 140459394
676 917942832
677 571200513
677 347436724
678 735572642
678 174173200
679 467958678
679 369327057
680 965728918
680 703169721
681 331590517
681 522183425
682 42404471
682 172813684
683 945161346
683 898670325
684 712055154
684 136118977
685 815404335
685 272043954
686 989792637
686 97884774
687 511750327
687 814775857
688 350908729
688 5303153
689 712245099
689 238987866
690 969251369
690 663669926
691 590099744
691 141728392
692 24852219
692 75250295
693 998864436
693 714300613
694 507521804
694 148486817
695 535635589
695 634596396
696 146451722
696 704020042
697 12400231
697 639402027
698 968255089
698 331850553
699 839004655
699 968460410
700 166023608
700 391135252
701 924499488
701 539519789
702 405864862
702 625664261
703 789002844
703 983608399
704 635384664
704 195371640
705 478497127
705 95607973
706 160825381
706 81733407
707 917212633
707 228024148
708 783906184
708 231128247
709 262496013
709 709572834
710 649815537
710 459806436
711 854583601
711 191745644
712 867278491
712 519229544
713 412706966
713 424228080
714 506589565
714 902719398
715 256918894
715 245857749
716 919103450
716 48112659
717 125202911
717 297314030
718 684473379
718 879233664
719 36220534
719 463560893
720 640078138
720 437390729
721 636498146
721 846730680
722 826925172
722 616247093
723 723019321
723 925534905
724 506901617
724 376464974
725 266887311
725 936657955
726 168013255
726 859453986
727 877949698
727 760696827
728 70970535
728 611438547
729 675755733
729 284594381
730 647127311
730 96145850
731 514260802
731 498421575
732 776935695
732 453585300
733 811900726
733 834100057
734 268704775
734 316732420
735 120451791
735 667903554
736 529789735
736 843488837
737 543073725
737 712910859
738 488642707
738 329992358
739 390202387
739 525484619
740 152705990
740 881279211
741 312739235
741 58419453
742 242553556
742 918265155
743 299988776
743 229993228
744 141486528
744 753128461
745 311448693
745 87800432
746 403544660
746 87522770
747 20392856
747 145694421
748 136417522
748 142918609
749 147335348
749 829818760
750 67544656
750 479647359
751 714408787
751 871078320
752 70510075
752 825295480
753 432404088
753 447815830
754 756355268
754 601059539
755 507418317
755 848696451
756 237452317
756 883202405
757 855248979
757 110547974
758 791875105
758 70742219
759 567012549
759 365427496
760 195288020
760 14979591
761 439230263
761 777885794
762 810114742
762 82738506
763 424064283
763 189800077
764 857784635
764 468205575
765 646310155
765 880927592
766 866062838
766 184131624
767 971395082
767 660860495
768 315803440
768 561218747
769 105669159
769 51929779
770 334679869
770 613489031
771 991736485
771 494311719
772 166922250
772 192478344
773 544335669
773 874326262
774 196547871
774 464258644
775 810350041
775 722504020
776 460026376
776 795458269
777 108592595
777 485315782
778 50977733
778 836654636
779 635047750
779 302368975
780 310793188
780 637343242
781 183212049
781 550178036
782 479040336
782 711180558
783 317349384
783 384299223
784 792896151
784 118188528
785 238373067
785 924068477
786 912992841
786 32224586
787 935393061
787 180121628
788 771860321
788 667384388
789 356478769
789 848454620
790 866597174
790 652359648
791 15753693
791 350863872
792 422342005
792 992795394
793 357888368
793 292036077
794 977289554
794 387604049
795 237434249
795 686161945
796 735602821
796 126148465
797 73374664
797 527923171
798 271597958
798 749107265
799 900231645
799 331513686
800 258485970
800 619311970
801 360301751
801 253062988
802 861452755
802 183919766
803 659255793
803 838922070
804 668313610
804 630882006
805 187612261
805 313335930
806 35060691
806 172724755
807 593321539
807 480754105
808 686494080
808 620304990
809 212363979
809 972590380
810 93888984
810 233874310
811 409684285
811 773545
812 620740331
812 196022441
813 25619118
813 400892050
814 916270493
814 284548053
815 588537816
815 385679562
816 718022358
816 296642500
817 872083329
817 615702693
818 421142033
818 958335915
819 471984785
819 383326534
820 806458606
820 448277690
821 169486946
821 30755908
822 731174765
822 373762019
823 140589453
823 830899886
824 854245886
824 835308057
825 23975424
825 699058709
826 145420557
826 705167417
827 724714509
827 7120611
828 197276363
828 785557654
829 965464385
829 979402227
830 227701278
830 171235465
831 264993604
831 888132686
832 21196972
832 432842192
833 610877131
833 534775544
834 520294316
834 698836050
835 188544515
835 147443467
836 121253435
836 151247657
837 184280968
837 253186306
838 20359716
838 651930930
839 680671578
839 101592005
840 733895225
840 107571236
841 294207060
841 533331702
842 296835049
842 691751693
843 779636346
843 793219192
844 881983538
844 696420651
845 821311503
845 923079438
846 121504491
846 952029519
847 686245863
847 965883223
848 539681124
848 598474691
849 60315853
849 616138828
850 705831658
850 204916764
851 949480922
851 854380442
852 814254010
852 324881827
853 162766585
853 395508588
854 719704901
854 448416582
855 978924275
855 688421282
856 796581738
856 948608636
857 977073015
857 109226825
858 189242504
858 830946074
859 305225705
859 45422135
860 84224365
860 121017503
861 94635612
861 72724859
862 772335166
862 570745446
863 232745690
863 212647007
864 301744019
864 704110966
865 460005247
865 650118494
866 346835226
866 28564380
867 808859193
867 348234062
868 280586434
868 832390874
869 755064609
869 261000762
870 789866608
870 725986479
871 103107253
871 736892495
872 536778308
872 20004196
873 371361727
873 73955826
874 410725297
874 716666352
875 854874754
875 826864579
876 538665995
876 224477800
877 111668980
877 859802739
878 208358410
878 51130232
879 888644261
879 716286111
880 656477596
880 832211553
881 430186420
881 16493792
882 137821551
882 384059232
883 977118892
883 377521822
884 344639217
884 66543271
885 725713774
885 528988743
886 405185144
886 602174784
887 869109855
887 999665070
888 721675806
888 660473839
889 501469444
889 862065413
890 206868597
890 721064812
891 918716355
891 189792748
892 338161222
892 455636473
893 229199964
893 245986184
894 506133891
894 835439396
895 124969576
895 556219440
896 624646818
896 146177604
897 947490291
897 149386510
898 716481797
898 242092147
899 436968326
899 184117308
900 403719323
900 771274939
901 915189315
901 943567136
902 212740654
902 125309583
903 618247383
903 263966382
904 654771898
904 966231252
905 258939693
905 626156934
906 937609227
906 420760109
907 60358889
907 497820100
908 271117971
908 797687618
909 957645294
909 262158705
910 454510830
910 458758801
911 810548106
911 498629973
912 102493827
912 372284028
913 946777802
913 748863816
914 701910774
914 939946703
915 812537138
915 756863779
916 742028035
916 868645086
917 924833312
917 953614761
918 364752575
918 460817250
919 763669738
919 688323642
920 512848911
920 469962629
921 248344015
921 613822686
922 962528990
922 603000802
923 435518214
923 52220323
924 743485332
924 705463790
925 908244633
925 984774465
926 753715634
926 565109146
927 385494096
927 604318744
928 935816483
928 690083422
929 480966695
929 605537659
930 588666390
930 888372377
931 432602131
931 613891156
932 236746590
932 55355922
933 9399074
933 422024259
934 289286385
934 482725803
935 24298677
935 866035702
936 383569557
936 723533917
937 316064772
937 527078128
938 932250136
938 23676987
939 219516621
939 957994136
940 323497201
940 909209940
941 414242978
941 143834009
942 896382105
942 945709260
943 712014901
943 246835954
944 865619684
944 841088257
945 641112686
945 830363143
946 116780421
946 642639066
947 57136741
947 535269213
948 846774905
948 85446276
949 798795952
949 947928234
950 464951809
950 103023981
951 303018198
951 968071579
952 418382470
952 106479449
953 401282188
953 641596927
954 323779580
954 279738600
955 729813582
955 344300020
956 498204941
956 660794201
957 358332367
957 799622503
958 379700115
958 403168005
959 243697137
959 5964600
960 90994566
960 300629488
961 997239327
961 928081283
962 4595908
962 139228510
963 419124898
963 161703829
964 954875718
964 140818201
965 80190324
965 124366057
966 859827809
966 56546386
967 95374658
967 654629678
968 390626737
968 435762616
969 225076055
969 326913657
970 260819488
970 69548498
971 701140535
971 875888999
972 425143597
972 744404413
973 779418498
973 103049625
974 269108011
974 835871503
975 608849722
975 105254646
976 62405656
976 31003560
977 218797154
977 533985394
978 28465367
978 246379999
979 274034359
979 321327916
980 524631557
980 626033095
981 851532169
981 330240168
982 373927454
982 4791036
983 45746446
983 757164051
984 991492145
984 558032451
985 791915244
985 520742443
986 45359915
986 692049813
987 961151751
987 56501945
988 29955780
988 317799803
989 281562532
989 492896609
990 686761474
990 719163036
991 553796934
991 236080878
992 639159386
992 616968131
993 381748321
993 547028573
994 179617799
994 217465429
995 808336917
995 655451084
996 249207103
996 847318221
997 402826496
997 384535668
998 536275746
998 94811414
999 613745346
999 282219656
1000 507876564
