2000 100
1 503018294
1 491029271
2 574858088
2 294593649
3 595161618
3 33038499
4 487822243
4 602440967
5 139434714
5 290785052
6 875413693
6 846824249
7 19146443
7 1696128
8 608103586
8 606694633
9 347286520
9 202242133
10 537446331
10 691505486
11 357341428
11 520024202
12 970225553
12 784384092
13 417974057
13 540424344
14 725497806
14 644392119
15 822281065
15 132185415
16 636537022
16 529752108
17 762923550
17 90695611
18 878610201
18 979104782
19 70537052
19 49704632
20 646571895
20 622223457
21 502413492
21 537276596
22 296519997
22 250849022
23 811989536
23 635539014
24 505933012
24 510286455
25 254124394
25 1900738
26 731312544
26 636135846
27 379495586
27 453506663
28 766553824
28 880087752
29 9138949
29 211837695
30 34032908
30 967272021
31 439132488
31 369711414
32 48406239
32 244796532
33 83533936
33 802448988
34 198331405
34 781989408
35 716335930
35 433617218
36 245229996
36 180082814
37 162804830
37 668758294
38 765360976
38 137817465
39 21050916
39 557596707
40 616615322
40 78839385
41 447266270
41 919075080
42 230667206
42 438419018
43 105672683
43 655495864
44 280706919
44 105925484
45 582081288
45 809354429
46 162463526
46 666409848
47 504698621
47 364348263
48 433789822
48 904492622
49 237459348
49 612511140
50 219004061
50 974435145
51 369811275
51 589474614
52 570136530
52 470536529
53 774735857
53 828875915
54 623096438
54 688891658
55 486127876
55 915997158
56 255272236
56 282583628
57 821529049
57 996768250
58 381135459
58 115582661
59 722870360
59 327889591
60 840712264
60 522559059
61 957231135
61 421272789
62 287914511
62 901620964
63 767275100
63 892155056
64 820558213
64 354991809
65 68798655
65 816962767
66 787008844
66 458896516
67 963011962
67 478878494
68 320044011
68 588501476
69 983961196
69 129481820
70 825849694
70 829269780
71 662555156
71 683520270
72 263151058
72 576278811
73 849988929
73 579768808
74 613553396
74 958526436
75 183592555
75 910399184
76 591437093
76 925019780
77 103768907
77 607285233
78 282252669
78 772371996
79 215583189
79 276312217
80 766228847
80 373791732
81 617755228
81 549107333
82 475572101
82 948296391
83 951976648
83 769853743
84 585683478
84 160119906
85 470594980
85 928855562
86 533156899
86 656382640
87 769575707
87 793305323
88 526498323
88 894133207
89 598936759
89 297632400
90 644450829
90 296634918
91 662880081
91 174064500
92 198165905
92 897444163
93 818295982
93 243691578
94 826059463
94 699733492
95 295994786
95 614533457
96 770959378
96 871909675
97 559953539
97 716660410
98 232911707
98 209758565
99 432553187
99 368265483
100 129643967
100 80037389
101 940372754
101 497407681
102 23303538
102 568256466
103 970631284
103 670447915
104 573956978
104 524758385
105 258447573
105 20849860
106 248964562
106 96473860
107 38403155
107 518603194
108 541080153
108 780456363
109 250477823
109 857201119
110 65694736
110 158973137
111 176121237
111 273728298
112 640425517
112 962550650
113 911200044
113 763964457
114 394564302
114 396173370
115 362669975
115 102291740
116 803960509
116 727057080
117 779688568
117 259085838
118 982151754
118 244829550
119 917834419
119 385902919
120 188167654
120 880546911
121 590223452
121 503189191
122 342019878
122 878064116
123 729600814
123 775613128
124 298631258
124 375954739
125 46761815
125 32123771
126 814862544
126 111863671
127 597645279
127 104352984
128 848007419
128 476895243
129 337737460
129 88669360
130 801261296
130 916679302
131 516481726
131 193724164
132 548538924
132 738232120
133 632588311
133 829877989
134 593691252
134 380213825
135 296652085
135 990468307
136 39980309
136 713718228
137 213551028
137 226968690
138 608189105
138 498101789
139 647955171
139 764074473
140 88900178
140 803599312
141 305184508
141 149582873
142 124081743
142 38898127
143 555081578
143 654069929
144 998801449
144 5262696
145 783625145
145 979161649
146 931460535
146 615864460
147 743455285
147 937785954
148 173136890
148 902499196
149 756184789
149 66288304
150 916459766
150 857393293
151 531599728
151 801981756
152 912360585
152 291107035
153 279589025
153 49602088
154 818175668
154 513563630
155 884218244
155 710991705
156 205334598
156 735416599
157 787612057
157 283506992
158 560535490
158 754158170
159 798207991
159 597879084
160 966265049
160 80665417
161 876541229
161 846721122
162 982407850
162 639593448
163 895461986
163 916731334
164 286362964
164 699016799
165 201098248
165 34414576
166 116697085
166 604921374
167 883593464
167 29617037
168 91344160
168 688492830
169 319303765
169 570283636
170 541187653
170 148999503
171 598569900
171 967666179
172 375548073
172 469422287
173 340497861
173 852249593
174 182952512
174 391405406
175 672048157
175 685218256
176 443370054
176 109528671
177 269984925
177 628448892
178 997562411
178 333657293
179 522982295
179 789655295
180 842806658
180 817999412
181 300616698
181 578932941
182 725012658
182 596404902
183 561506373
183 84354291
184 192938739
184 550668139
185 544054176
185 320343904
186 443226325
186 991919535
187 178026412
187 615765186
188 437392490
188 117650557
189 830351248
189 707962632
190 15289972
190 34877402
191 614648018
191 994880046
192 614200324
192 339013040
193 21573672
193 176019509
194 542699165
194 473090256
195 290998833
195 806166673
196 118161399
196 565310530
197 77129531
197 550779695
198 409118943
198 384729183
199 519898679
199 811406524
200 959489083
200 643920884
201 289019780
201 585221054
202 488260346
202 849643191
203 541318554
203 883069344
204 797683610
204 103806373
205 610619041
205 87838251
206 459636736
206 626643752
207 296680448
207 951086356
208 55505746
208 616751011
209 285194545
209 714042395
210 648810296
210 303874456
211 924044378
211 370204787
212 113299901
212 788707530
213 998298558
213 338869977
214 764548612
214 267446955
215 838036335
215 878973543
216 861489054
216 325790060
217 45420240
217 812403426
218 212789049
218 333791451
219 250176220
219 81774985
220 619924447
220 674218675
221 411030308
221 952325738
222 690709412
222 758624150
223 262276469
223 656688990
224 886887905
224 118635540
225 993606333
225 855563021
226 377312690
226 113347900
227 774007466
227 949813746
228 925949921
228 637518293
229 862982815
229 429561332
230 649817500
230 622938752
231 176078397
231 835454025
232 423313352
232 502958782
233 770649699
233 617473130
234 761563275
234 164467352
235 228926676
235 61056015
236 173039008
236 841920964
237 850601869
237 728999046
238 410298421
238 607901039
239 736396543
239 904589430
240 479423870
240 597357304
241 89718697
241 456525553
242 168811658
242 299414105
243 769835144
243 558444086
244 643118705
244 870994915
245 994980019
245 376394397
246 949636801
246 273866561
247 191361658
247 968832758
248 917305599
248 64195496
249 791885575
249 459059353
250 705959289
250 118689642
251 101772277
251 370907819
252 917058576
252 861241621
253 838633959
253 448082507
254 57691719
254 388098036
255 344397033
255 474576552
256 946491513
256 865581229
257 499506805
257 875886069
258 740090156
258 945604860
259 169862462
259 346486117
260 413146728
260 959533129
261 354944473
261 898684201
262 568533217
262 385312194
263 303519510
263 851790202
264 744943463
264 916530692
265 571960670
265 115063671
266 51743048
266 486485918
267 677086153
267 162492155
268 552233425
268 282327876
269 608224542
269 458361777
270 148949139
270 896546098
271 610470002
271 517545772
272 626851780
272 975509546
273 957879806
273 27688313
274 184029146
274 821315655
275 23166145
275 151545768
276 154059814
276 853446692
277 738783251
277 827987182
278 927502022
278 105002700
279 866154550
279 196434997
280 453399036
280 183347126
281 428899648
281 698704577
282 504775579
282 835253958
283 298654118
283 673550195
284 796690782
284 126114105
285 721163769
285 199219638
286 155544349
286 206098994
287 257806614
287 699972599
288 948724957
288 904749577
289 124198583
289 729221620
290 294857770
290 993682909
291 220612958
291 39622659
292 661985759
292 319037794
293 990708026
293 810591278
294 339736050
294 585884510
295 61019766
295 26614159
296 563583842
296 65342107
297 444394264
297 56459131
298 644682204
298 207702027
299 431555877
299 396661288
300 80011352
300 574904314
301 709578396
301 238567652
302 742505278
302 594859895
303 421407286
303 45224282
304 539170413
304 132429586
305 2733549
305 789911141
306 156874358
306 76211175
307 371836678
307 136389041
308 840918423
308 638848833
309 911318702
309 585764693
310 27787567
310 787570907
311 74345876
311 619787130
312 591815524
312 116901377
313 630671303
313 714681721
314 56361107
314 618747927
315 681173591
315 306503178
316 136814966
316 594220311
317 168419369
317 565842357
318 43157287
318 158810022
319 625772794
319 22148387
320 314607538
320 16135076
321 620611988
321 575707811
322 515820542
322 67095049
323 293856880
323 195872871
324 700239379
324 7397542
325 696648337
325 725060453
326 780751932
326 715599794
327 705844452
327 117357959
328 904916272
328 577243119
329 391636346
329 346971481
330 476599149
330 562390779
331 752775611
331 212183086
332 718984217
332 798598631
333 65324495
333 855930013
334 745351004
334 705623935
335 149627022
335 579766237
336 469991053
336 381537254
337 696667623
337 660408165
338 500895917
338 127664650
339 177916889
339 307300974
340 759244863
340 318570323
341 30770672
341 251656396
342 985393662
342 79826471
343 198357952
343 715392734
344 9341800
344 650994993
345 210702101
345 799074712
346 386452683
346 200130171
347 991033863
347 348890989
348 55053283
348 815285875
349 49789651
349 429929462
350 389027586
350 666468625
351 957484138
351 725113717
352 656925073
352 167243202
353 365963473
353 533099007
354 411303881
354 143935765
355 682452926
355 113833018
356 59083194
356 326957966
357 805396577
357 987789844
358 868158373
358 275528572
359 506674797
359 468333535
360 517174752
360 729346333
361 706521487
361 888034060
362 277164649
362 208026005
363 482210698
363 177110587
364 567537889
364 786094150
365 841315115
365 989710185
366 683122559
366 754516235
367 110495262
367 100842211
368 148052848
368 106248810
369 917615622
369 64953322
370 327371333
370 265521437
371 578971667
371 629848062
372 193579199
372 227423234
373 341995466
373 607436668
374 793761137
374 512432138
375 606219009
375 410741671
376 356518434
376 453941555
377 430807771
377 191788371
378 984844147
378 297802547
379 778651758
379 94025443
380 318359925
380 989249236
381 934677994
381 476638068
382 710855041
382 489951411
383 882539556
383 314667632
384 830646932
384 195574508
385 482050018
385 663554835
386 860280040
386 780796512
387 134880373
387 252304365
388 381287937
388 212989387
389 705529494
389 338377986
390 51009068
390 103844897
391 913777874
391 724953126
392 848385192
392 333681985
393 247443105
393 397210662
394 624601770
394 542947900
395 373772197
395 776540597
396 140897552
396 598947274
397 191221391
397 147676268
398 430703902
398 582163833
399 567172102
399 807283909
400 786170649
400 299434533
401 437496076
401 145556178
402 274837259
402 70077797
403 617212910
403 932657966
404 740479575
404 17593300
405 18851007
405 347112568
406 934706061
406 181413766
407 591988429
407 572509232
408 437598953
408 666467728
409 922472920
409 771467009
410 855803409
410 461344473
411 104077261
411 381037786
412 532289713
412 81661417
413 645260756
413 894531658
414 310861099
414 205460628
415 8435138
415 619382430
416 753598408
416 517738745
417 470494431
417 222333624
418 169781336
418 232396829
419 638193825
419 192877210
420 568567278
420 256838778
421 53208500
421 528065071
422 356712510
422 62541784
423 785089646
423 658364917
424 668549677
424 349381281
425 613657850
425 168963299
426 941092927
426 181049557
427 43551572
427 292259325
428 486315783
428 1822445
429 385685609
429 522898517
430 327414793
430 155717387
431 306672021
431 799144858
432 754649524
432 890395812
433 452120679
433 746347798
434 352160541
434 172425263
435 285713420
435 450177087
436 170212200
436 261965384
437 496068558
437 432309104
438 282030497
438 886410381
439 518449816
439 402959014
440 786581997
440 523657644
441 562505218
441 968202941
442 559631599
442 20132765
443 181999881
443 64910495
444 938368624
444 182822857
445 7733874
445 99109980
446 225551734
446 342774207
447 72566694
447 408344887
448 258389659
448 392564075
449 660166772
449 12274497
450 904430417
450 862402996
451 980542751
451 322443158
452 44475342
452 244935753
453 841695411
453 241299360
454 861275482
454 617906400
455 717635101
455 985913708
456 318100028
456 136476150
457 841070624
457 958980748
458 999866022
458 606332669
459 103204306
459 536033330
460 782406555
460 886400014
461 964323745
461 381294318
462 407296991
462 107857177
463 851954559
463 672139805
464 621940751
464 357951646
465 871596804
465 146420113
466 588650890
466 245442819
467 703259709
467 326216837
468 657489138
468 118440215
469 400368475
469 930445667
470 986062758
470 121214781
471 577667062
471 744097933
472 593220771
472 327326166
473 427001426
473 537393477
474 410789545
474 599948948
475 165154965
475 518668807
476 773018912
476 660025829
477 55094064
477 350550282
478 72963471
478 670753662
479 628705305
479 335572944
480 701510754
480 123666579
481 737092577
481 453524803
482 33788060
482 607901933
483 239158935
483 966338856
484 109100506
484 896286669
485 4889589
485 229332494
486 449435726
486 389287104
487 660826453
487 735384053
488 699129870
488 953436042
489 240650896
489 399200353
490 901982562
490 711913521
491 667007864
491 572687830
492 716689296
492 714354614
493 519131785
493 457579488
494 523611804
494 252948831
495 97621195
495 716011069
496 173802284
496 647350337
497 901014390
497 866294211
498 116637644
498 67966446
499 31475373
499 829584179
500 518299111
500 688619643
501 752789839
501 453059677
502 220249259
502 728329240
503 196484977
503 828682931
504 892291628
504 118741933
505 289095891
505 979445632
506 403907216
506 947643076
507 549824343
507 145333299
508 516915830
508 438831009
509 791926218
509 191127802
510 117975961
510 916670832
511 738607367
511 115531796
512 593922248
512 451198400
513 527859185
513 453876285
514 204560161
514 445681436
515 301858406
515 646800473
516 708507521
516 32884394
517 905766993
517 181458826
518 179116779
518 876826500
519 100625417
519 92486169
520 30844375
520 736131215
521 749374935
521 311272511
522 191525731
522 242549792
523 789522062
523 674284431
524 822115339
524 793102029
525 109295836
525 614478705
526 275301114
526 748143633
527 264332966
527 794625754
528 435787391
528 529857884
529 583894976
529 55013735
530 425509405
530 179796395
531 617965763
531 193161232
532 154987471
532 483635285
533 448271598
533 699015742
534 725026956
534 258553909
535 50131873
535 994892995
536 950447600
536 323873598
537 992301456
537 912877157
538 223634724
538 636468093
539 673584827
539 732401982
540 622960560
540 629243205
541 775541872
541 537793462
542 322277444
542 807075577
543 953005860
543 338460063
544 758164042
544 699407246
545 971749112
545 847088737
546 44512864
546 276530539
547 511596206
547 912282258
548 969752055
548 750118092
549 972528632
549 277534036
550 640353107
550 664482518
551 547982244
551 977127976
552 743861565
552 890336833
553 491390596
553 143981155
554 611501722
554 250708163
555 553272151
555 273847270
556 970161682
556 677308371
557 486823598
557 8480551
558 605869807
558 462276403
559 68528771
559 193461661
560 701263010
560 888265897
561 309701243
561 591580476
562 116712199
562 567509465
563 935840040
563 378904366
564 171444270
564 225962079
565 997589699
565 620712272
566 420698139
566 878589044
567 730527754
567 533815053
568 856242931
568 776541750
569 611369886
569 207911847
570 801603973
570 678714761
571 540183727
571 700543739
572 502377781
572 567933779
573 331849636
573 824627065
574 418535208
574 524766534
575 989679585
575 627266948
576 558641588
576 20675099
577 494532541
577 526033726
578 457529811
578 538326025
579 7647569
579 563299710
580 684213413
580 670572962
581 555184243
581 985585534
582 858900858
582 756314984
583 322242040
583 841025494
584 931385292
584 61386781
585 415068963
585 729384964
586 177558617
586 916996799
587 819995410
587 573794788
588 970164994
588 560186639
589 447034999
589 610647979
590 517366313
590 178434999
591 907490814
591 376200073
592 268692141
592 214879963
593 283205538
593 900280534
594 692262119
594 476033597
595 95903634
595 621504921
596 77775349
596 996977801
597 43272932
597 566986258
598 729964505
598 633692627
599 972367374
599 602152513
600 750419289
600 833367108
601 153211384
601 184845903
602 671574031
602 622492503
603 510697323
603 541921972
604 925561585
604 20358580
605 611330124
605 809757169
606 855023970
606 887607203
607 728436811
607 895535144
608 901715841
608 409360671
609 685181830
609 765920124
610 84094589
610 81474904
611 721043145
611 251551881
612 464703398
612 556665170
613 382734757
613 278346163
614 157927857
614 32553213
615 48893270
615 482577446
616 96248684
616 198794794
617 960409377
617 98143534
618 103995834
618 891134827
619 635690203
619 624073463
620 757687043
620 863732963
621 454949624
621 805740611
622 260102780
622 889229269
623 946576096
623 348065733
624 409112494
624 431500568
625 990530216
625 181661994
626 513366076
626 21734387
627 237714932
627 751163161
628 341622535
628 545321219
629 622528635
629 720985346
630 642336569
630 304955508
631 233355544
631 682947586
632 245370595
632 820980241
633 201900942
633 429374096
634 960211624
634 584190795
635 819898288
635 616901851
636 377220842
636 688055789
637 542550397
637 362758857
638 311569904
638 529148345
639 77459991
639 186148847
640 401218422
640 711410519
641 333227502
641 841132183
642 6864984
642 759150657
643 830848299
643 74360769
644 123010364
644 522520818
645 377835185
645 388943831
646 715426828
646 766203331
647 876341342
647 360781313
648 897054427
648 357616423
649 40933865
649 655033474
650 831782484
650 406900535
651 613717932
651 668233599
652 593092750
652 883521254
653 396984889
653 733156041
654 972555118
654 547374358
655 451088137
655 536375646
656 48408879
656 9505775
657 687135094
657 333649758
658 376002388
658 518940596
659 944846954
659 884506854
660 576529064
660 877128347
661 692468000
661 224002099
662 37119312
662 418460946
663 81540428
663 189330152
664 623269507
664 340148402
665 292019248
665 221603960
666 658846533
666 82452446
667 373202813
667 698162614
668 456773534
668 544932477
669 454320052
669 880127131
670 298884651
670 976338323
671 904421528
671 394823658
672 526702592
672 702069385
673 926506755
673 610811037
674 423184326
674 850749520
675 409169465
675 740426361
676 605669715
676 319935425
677 39896579
677 741777388
678 942211035
678 382941042
679 973205522
679 728828646
680 157574177
680 279827392
681 670526143
681 777619122
682 788690021
682 476294578
683 422790493
683 64544164
684 315138238
684 959564559
685 511168636
685 74779186
686 722922141
686 812945852
687 431283325
687 292730604
688 472435880
688 453395658
689 720831280
689 94901899
690 248654745
690 52013040
691 682547721
691 272980339
692 362611956
692 647780570
693 484828055
693 139412768
694 664431624
694 807592442
695 964727477
695 349297889
696 522571139
696 689683395
697 544349576
697 120734131
698 927838311
698 250052577
699 622324798
699 998052649
700 224634242
700 95295693
701 168057221
701 482740094
702 545418837
702 110668830
703 640020920
703 970786211
704 22004928
704 611796972
705 24052779
705 790849988
706 106015525
706 757915387
707 121622079
707 270506259
708 509907931
708 255285609
709 449379139
709 993864075
710 122717485
710 894328975
711 81529013
711 965736895
712 622649898
712 342943431
713 820015281
713 567710844
714 269601171
714 160603914
715 948733864
715 747166704
716 663053319
716 779990318
717 885339214
717 239807849
718 34830652
718 214028508
719 121952061
719 395206726
720 409594615
720 715842273
721 858518385
721 389982292
722 986292764
722 286016031
723 705102600
723 385209594
724 960542563
724 848168504
725 183589331
725 207915342
726 182534121
726 949320311
727 731529779
727 924563249
728 417566040
728 36851350
729 901270303
729 878214462
730 515589536
730 866360003
731 413453206
731 565443938
732 63452549
732 424481204
733 398606294
733 191375048
734 840884714
734 172707885
735 52081629
735 8448703
736 53044713
736 213287745
737 555806747
737 147126362
738 804786977
738 249030091
739 126286606
739 458138025
740 470947679
740 466179101
741 51650110
741 302603476
742 488274230
742 77987497
743 392433140
743 816184965
744 496988147
744 330125676
745 547231152
745 712843318
746 500919341
746 755707120
747 353791206
747 894223657
748 267773556
748 607363293
749 337030998
749 530056174
750 960602748
750 359046805
751 848311902
751 643246423
752 72843474
752 953351115
753 830536717
753 366476735
754 897546258
754 794146057
755 913772709
755 354635353
756 500815149
756 182899335
757 242855188
757 253241880
758 245088829
758 388109546
759 626351699
759 588337406
760 903676385
760 122707091
761 458175039
761 635209206
762 717618154
762 149841322
763 221741433
763 239006628
764 646043266
764 318936179
765 224058018
765 774645980
766 653757512
766 56917192
767 153816576
767 948540114
768 37354190
768 107881993
769 836671955
769 652398675
770 148551745
770 417594284
771 676794118
771 348980435
772 276744310
772 289901039
773 186440444
773 818208006
774 194340057
774 606083721
775 605872028
775 49272063
776 219680339
776 420721285
777 696117614
777 744730015
778 470098873
778 947588630
779 183376463
779 609859057
780 997324604
780 909939425
781 174030446
781 241841810
782 740677941
782 895145824
783 441269236
783 55121593
784 274434614
784 111419218
785 795352883
785 454959332
786 817972543
786 619588037
787 303313170
787 186285766
788 697727453
788 369797097
789 962912158
789 716509781
790 422937296
790 431944720
791 239123574
791 847348246
792 117372398
792 750321467
793 740334345
793 936862884
794 836588349
794 864151239
795 419311127
795 887044583
796 599039899
796 929632784
797 330451484
797 578322107
798 342942714
798 556142428
799 166200464
799 112005880
800 759266643
800 757124054
801 865774234
801 260615178
802 581758058
802 294862357
803 159682291
803 701535822
804 836367665
804 876500474
805 714683790
805 868528459
806 99256078
806 77792883
807 27625154
807 149887868
808 865048651
808 392832940
809 354366557
809 835970444
810 82302327
810 228291879
811 319137222
811 362110602
812 113479475
812 563783755
813 9942153
813 439842891
814 669534488
814 416245041
815 905275915
815 200468615
816 191124755
816 910844433
817 851752250
817 18441880
818 119907439
818 727803175
819 819008371
819 227259776
820 849470630
820 213381677
821 103076565
821 914676262
822 826284863
822 364208958
823 458816153
823 142824370
824 334603195
824 310246543
825 361442881
825 658549598
826 666998005
826 783509618
827 532591818
827 403142296
828 571930616
828 688979857
829 965288570
829 594603739
830 70696284
830 752909803
831 302279269
831 843364259
832 600202602
832 612154472
833 109868268
833 482734328
834 995291455
834 725736508
835 329336347
835 793618360
836 336207767
836 654167434
837 115509049
837 862001496
838 593775989
838 981070
839 605750188
839 862373255
840 626430318
840 729860743
841 193244335
841 238373800
842 496926918
842 577048665
843 34929645
843 558730113
844 829623357
844 706265813
845 515435450
845 155464386
846 91548010
846 453578937
847 759510420
847 881897464
848 903421055
848 359254603
849 430347203
849 159293737
850 425994237
850 355904742
851 306406648
851 258853239
852 561870856
852 817199365
853 264344906
853 943485839
854 408615795
854 793962877
855 611902346
855 426767132
856 95745910
856 867986990
857 489659759
857 936297344
858 651384403
858 61147788
859 781990188
859 176196704
860 177060078
860 914599951
861 444591905
861 710815705
862 719324645
862 503873636
863 927579087
863 570221126
864 801567358
864 703494660
865 254584192
865 86952830
866 841662875
866 548485980
867 238653232
867 523789651
868 912937764
868 402711928
869 218868037
869 324765761
870 674784944
870 635487974
871 682281160
871 103228823
872 318580870
872 85427702
873 652657207
873 964568086
874 989294506
874 930790700
875 844544258
875 542830455
876 34043617
876 740141019
877 685345064
877 455662373
878 759916619
878 867445140
879 10011245
879 720121633
880 856063562
880 580397940
881 846335641
881 861695023
882 536096305
882 594036425
883 340427144
883 943288878
884 148783651
884 786392364
885 810748557
885 156811598
886 943932975
886 623634930
887 374854051
887 42047856
888 680080527
888 491428758
889 736351942
889 702042422
890 848254444
890 243602574
891 846677465
891 255720638
892 501342132
892 72438543
893 696805479
893 359308324
894 647086008
894 148930475
895 344415620
895 905157142
896 137262314
896 876227714
897 799106855
897 896767630
898 301426977
898 838785769
899 506593863
899 881390520
900 72978752
900 489196347
901 219138050
901 508642073
902 512022258
902 615071277
903 71150501
903 283437266
904 483552743
904 315841118
905 406288515
905 161552713
906 803032109
906 432814876
907 178872030
907 873738707
908 944273814
908 752775640
909 350412001
909 839798488
910 3079237
910 953294732
911 343600214
911 2347208
912 393039757
912 229193009
913 525584028
913 337260825
914 256375765
914 596799724
915 488229145
915 95711558
916 568315949
916 112450737
917 63277096
917 373879435
918 469073000
918 611329253
919 419148506
919 856003152
920 460483678
920 937102929
921 202759710
921 309776990
922 982501688
922 39918542
923 191778224
923 684377823
924 802073008
924 799012805
925 769401027
925 766150847
926 959945775
926 479361020
927 491458946
927 557533119
928 932393876
928 937106345
929 332134382
929 587231565
930 535867027
930 596432051
931 649603260
931 342943888
932 166974622
932 613835860
933 647706832
933 386780348
934 448171358
934 855460451
935 841595368
935 967673799
936 515192824
936 535404236
937 946968502
937 234984356
938 168780799
938 944312441
939 284860412
939 124606562
940 240900698
940 636229488
941 283133983
941 561510712
942 355757764
942 22207449
943 279433446
943 27445493
944 715753737
944 343869365
945 322506724
945 914899468
946 588562081
946 763424769
947 138770513
947 564737097
948 587889684
948 532800819
949 502207935
949 791976576
950 965527007
950 780741148
951 383853251
951 919645339
952 567082107
952 272581682
953 143846
953 660286481
954 519576813
954 91301823
955 980867211
955 926093893
956 188752142
956 768447767
957 889084293
957 946778369
958 502808604
958 719061264
959 746210352
959 730344472
960 127682865
960 488977746
961 412666852
961 837619199
962 263478640
962 450676549
963 294152799
963 890200384
964 638697188
964 363448370
965 336248055
965 155851128
966 501263011
966 586366560
967 479921227
967 302417183
968 700701605
968 623262509
969 526647944
969 65710651
970 557332165
970 316336096
971 640323430
971 181430852
972 952104474
972 193346231
973 110262268
973 205436988
974 305548923
974 161687620
975 100568696
975 396567222
976 629618068
976 360261591
977 179064719
977 468923526
978 98186649
978 636063075
979 714446778
979 932228723
980 144521659
980 954713086
981 984331478
981 898708534
982 507240056
982 992774393
983 395773305
983 905082948
984 675765311
984 56197545
985 600727856
985 869217928
986 706595195
986 257079595
987 57412186
987 705136000
988 738721833
988 954682385
989 862612755
989 240343097
990 66051194
990 695403851
991 731258929
991 926237927
992 929125610
992 594197180
993 182401333
993 677051024
994 718590540
994 820875261
995 415912484
995 121334963
996 647230459
996 270941139
997 577581760
997 263852237
998 649971532
998 808001445
999 73212555
999 601982816
1000 819515606
