2000 10
1 724287900
1 553717854
1 232199227
1 26153606
1 157792842
1 47901494
1 538006745
1 779127123
1 127011413
1 666482848
1 796021693
1 248910185
1 204706027
1 280735555
1 886959216
1 876202193
1 882835623
1 193016394
1 762343084
1 723928751
1 675915164
1 83813469
1 200137193
1 468482242
1 912608123
1 656085604
1 909736512
1 184134174
1 877661649
1 395577817
1 668012911
1 697636828
1 366781875
1 776600639
1 816020915
1 521482947
1 938982910
1 944642298
1 430757017
1 278252716
1 571612525
1 458427280
1 642383287
1 891908357
1 870407210
2 402669642
2 365456319
2 945173936
2 863516328
2 438774906
2 359111338
2 575996086
2 777537401
2 349038579
2 148604663
2 886856329
2 826098403
2 898260761
2 415975239
2 339399310
2 922455982
2 374482594
2 974267976
2 588862937
2 305382278
2 792407111
2 934194131
2 282701059
2 877270385
2 323800806
2 97015228
2 246321182
2 958582683
2 176696888
2 491548689
2 321285705
2 683645810
2 297845717
2 183915129
2 471007253
2 485056321
2 931465604
2 374884139
2 874833750
2 846569633
2 715580469
2 653520006
2 841379898
2 778946697
3 43628808
3 173500330
3 325953252
3 32272314
3 142481631
3 811430200
3 568367871
3 802603800
3 824017917
3 25243680
3 90849401
3 605278801
3 488578774
3 66120901
3 881061844
3 778706524
3 300290212
3 39300072
3 612194253
3 953702159
3 614188611
3 112908421
3 367905328
3 587761762
3 127371404
3 344520553
3 881851952
3 181305129
3 486665847
3 388384930
3 711178902
3 48546414
3 360253869
3 864152469
3 961515338
3 942200365
3 722182557
3 420362920
3 697094985
3 308354349
3 420305811
3 81735569
3 300936282
4 331206254
4 358494074
4 136180890
4 831730661
4 185164770
4 195122476
4 934947020
4 27769736
4 631879358
4 639186901
4 878339341
4 169642421
4 672656390
4 761871702
4 296439786
4 359114495
4 351969423
4 707979798
4 546305334
4 301531511
4 762443541
4 864274913
4 722268994
4 740755012
4 250963824
4 366824499
4 630295496
4 943648764
4 784217801
4 652836860
4 645044492
4 160537480
4 587227721
4 260521288
4 737071461
4 899697941
4 714521492
4 660404230
4 80550674
4 679454931
4 396070424
4 947255562
5 971475093
5 302070535
5 474939278
5 475187737
5 407080662
5 505710609
5 83651090
5 714525992
5 765303029
5 604903773
5 15305187
5 557232966
5 405075587
5 610621528
5 787273807
5 678154094
5 452956589
5 535868382
5 314057846
5 197233641
5 63140572
5 165902784
5 277759277
5 42944477
5 796868502
5 426564685
5 790816059
5 79610234
5 865588551
5 766805062
5 126983601
5 421944172
5 146509265
5 724434010
5 887179985
5 312125763
5 917025634
5 488052822
5 603164891
5 69145078
5 340400156
6 857164263
6 202811652
6 604876639
6 647085781
6 81418661
6 639054349
6 33924445
6 833091243
6 587606571
6 119369247
6 843039272
6 711349955
6 859144642
6 464223304
6 681973874
6 404923217
6 926227683
6 105459191
6 192851202
6 143254816
6 256006659
6 104056053
6 170761862
6 429563386
6 409701938
6 30434851
6 25350125
6 739336329
6 653020567
6 802534060
6 694203160
6 227666147
6 123405307
6 774231911
6 390417016
6 272644193
6 443879795
6 828275771
6 742585600
6 731394821
7 533269744
7 257023242
7 391008288
7 351275467
7 788243478
7 367188774
7 21896120
7 189040097
7 960893356
7 42589660
7 389994225
7 935306835
7 608483626
7 117737697
7 279923224
7 30066230
7 579568915
7 721704387
7 571374854
7 569510925
7 855566796
7 337461668
7 995085670
7 315515287
7 445982099
7 423712550
7 181230674
7 108930438
7 940810530
7 358827284
7 433517460
7 985473481
7 127847828
7 483157786
7 240802757
7 987615718
7 889516203
7 501988728
7 460426202
8 647222433
8 188314584
8 695480437
8 447123206
8 675827730
8 717117340
8 922654557
8 586570137
8 732767371
8 304991888
8 687652685
8 39682633
8 46036661
8 560966610
8 564819816
8 963929266
8 64812189
8 117622676
8 543682810
8 210522735
8 814430045
8 873720369
8 568878066
8 355226539
8 526071767
8 747709148
8 830718513
8 661985689
8 263900235
8 442966790
8 970721538
8 767141343
8 971730170
8 435869251
8 770935001
8 561054883
8 542370403
8 976395527
9 641108316
9 847786251
9 269988757
9 727678291
9 939788772
9 826244105
9 110093728
9 154228350
9 972902756
9 289151508
9 909683267
9 119328010
9 378425904
9 726138724
9 574351576
9 958086077
9 173643555
9 589912868
9 114048892
9 229859776
9 560942115
9 524771844
9 167395970
9 648588152
9 583904180
9 17676305
9 122672591
9 802778878
9 11104178
9 827194855
9 31953435
9 549962536
9 851846610
9 679175353
9 105056563
9 222149319
9 121931258
10 844091505
10 557526087
10 977599362
10 427847563
10 579387194
10 865039072
10 10921574
10 243084651
10 952023180
10 925345974
10 467249405
10 401514473
10 199754156
10 763980498
10 955603218
10 243238755
10 8139989
10 323256927
10 101769952
10 839762265
10 785408236
10 901361126
10 287758871
10 618842838
10 648659295
10 338329027
10 721771305
10 619860043
10 590130622
10 191796097
10 253738157
10 217171451
10 374365680
10 605467945
10 884589109
10 391886552
11 509380915
11 613771362
11 203496040
11 879924047
11 239068603
11 224930584
11 887302469
11 696183480
11 206621712
11 706676451
11 242919871
11 393512620
11 755064900
11 316870251
11 430168360
11 851598355
11 301193480
11 299770613
11 139628945
11 789970115
11 240732814
11 618595838
11 514485903
11 516629862
11 369292871
11 582749220
11 167402299
11 310058142
11 50445054
11 702918982
11 608805120
11 266218959
11 261058607
11 414349052
11 983256498
12 598601658
12 49396150
12 996717303
12 761363459
12 782896837
12 129782919
12 849597070
12 98344959
12 835047431
12 681763530
12 698144881
12 667528364
12 101540479
12 313722257
12 928975722
12 24091104
12 733215427
12 749677618
12 670540522
12 35527185
12 635960779
12 548532329
12 87535322
12 367742486
12 814521114
12 451291386
12 249283415
12 115736434
12 88754542
12 51528945
12 321308928
12 862250823
12 817405674
12 19611452
13 667298904
13 54149453
13 596574163
13 993573727
13 440200474
13 466744872
13 414659071
13 22483637
13 561558880
13 337433402
13 405176502
13 940323983
13 4670730
13 835663903
13 976485606
13 499941701
13 835309090
13 17191675
13 849079627
13 138355992
13 562827795
13 269488666
13 525916911
13 680168059
13 188261592
13 805232990
13 683603488
13 486561766
13 180444730
13 828205989
13 567015204
13 87688436
13 86691614
14 465982275
14 892322333
14 261202341
14 120496547
14 75019551
14 221429559
14 101935485
14 734520412
14 790313219
14 341927181
14 181547803
14 370195254
14 278728999
14 644963736
14 1621453
14 259576711
14 830915459
14 203028600
14 751249768
14 478890542
14 284137138
14 844749187
14 206829200
14 943072690
14 775695950
14 363023158
14 125855503
14 245850666
14 248378551
14 184102499
14 791527703
14 163635937
15 138904108
15 482035136
15 12953247
15 79194947
15 778781428
15 436604914
15 564152782
15 35394363
15 52342506
15 690313840
15 781305572
15 476947721
15 979087445
15 813500215
15 414353484
15 402117853
15 926259143
15 470759382
15 37463797
15 605204082
15 995978037
15 916307607
15 722558145
15 932062642
15 630907453
15 40545113
15 891497431
15 294411770
15 377092213
15 82555548
15 96669903
16 888380681
16 827628649
16 503364382
16 750928568
16 322491117
16 769999296
16 132022900
16 370917482
16 733556945
16 470928671
16 535859144
16 492609019
16 527615531
16 765835789
16 254893323
16 412174103
16 871946478
16 568399993
16 97963590
16 780398021
16 393381334
16 489823692
16 766343485
16 336988584
16 65904849
16 181339767
16 190623109
16 946393923
16 165015333
16 329014077
17 284955075
17 532728907
17 792769352
17 665321452
17 661877450
17 466808692
17 747930633
17 951633827
17 383298219
17 689529509
17 535277104
17 84570870
17 576840866
17 730338563
17 926770259
17 270819863
17 649225576
17 642756417
17 907381176
17 364710018
17 315144913
17 318874883
17 561208206
17 840198940
17 528753394
17 701056898
17 374103079
17 877734099
17 293541876
18 771400514
18 688517365
18 84350761
18 535791525
18 560684494
18 61068890
18 569853647
18 789889364
18 944252186
18 493930457
18 412292151
18 280702547
18 905195751
18 334535267
18 402093008
18 877560635
18 35045177
18 460460696
18 860561784
18 525526081
18 785651594
18 292469024
18 334029859
18 93787200
18 771587224
18 355354940
18 863550677
18 198694384
19 535153477
19 644795290
19 674083373
19 726090916
19 762749076
19 263768488
19 669047235
19 311981671
19 359366416
19 556265400
19 636331331
19 839325415
19 771223019
19 639940757
19 17547014
19 783293742
19 241337486
19 742263830
19 753404084
19 515188933
19 329617986
19 244918183
19 102420076
19 374655879
19 260369318
19 527119235
19 534832382
20 682456211
20 150439491
20 983955700
20 390302961
20 412936135
20 83856816
20 760943981
20 332148718
20 538255043
20 778456439
20 308540789
20 271329477
20 129015800
20 501227000
20 502631933
20 349515917
20 132524897
20 393547115
20 938526574
20 45813407
20 370988889
20 610757335
20 851130093
20 309168244
20 374531218
20 166402502
21 187152736
21 142944980
21 729342092
21 510612156
21 462523916
21 369347552
21 936218660
21 990406314
21 261428745
21 805065852
21 816184420
21 206514421
21 967340639
21 813808949
21 602041007
21 109454094
21 978156832
21 509044874
21 907009512
21 134926425
21 138773272
21 653881238
21 695743372
21 680359698
21 165580530
22 913412956
22 142853952
22 37881974
22 719104402
22 445077751
22 900633397
22 568696490
22 970472849
22 307783808
22 442516645
22 422043451
22 130652076
22 197761827
22 27958400
22 583078153
22 699964807
22 268786816
22 565113076
22 744383770
22 63289809
22 623294667
22 857898177
22 316760968
22 431892611
23 458611742
23 502392411
23 108436792
23 510637107
23 456798033
23 842189743
23 899378180
23 266673074
23 257330438
23 874587507
23 864561116
23 137994659
23 798337494
23 700166161
23 94247462
23 44899891
23 231644468
23 845634082
23 896834248
23 226854641
23 435420440
23 118435113
23 527784638
24 223773033
24 442580323
24 141115773
24 878223936
24 697570118
24 235900629
24 76753412
24 427703052
24 229585860
24 516949039
24 530149256
24 280689718
24 382711638
24 923680993
24 467810889
24 180764001
24 417404207
24 706402101
24 112155655
24 292514660
24 859764799
24 922250518
25 437085169
25 533693847
25 567015559
25 199596420
25 557731721
25 717859486
25 976624504
25 235549417
25 358364623
25 2406256
25 463260608
25 64511263
25 596636738
25 542012064
25 597932804
25 320015413
25 438213509
25 229727101
25 215478576
25 960244171
25 480788506
26 612097276
26 772883930
26 976970087
26 819304231
26 36206178
26 229418454
26 245526849
26 708766956
26 321217799
26 917737828
26 10920783
26 101782044
26 180985061
26 279481308
26 936394554
26 366524129
26 488089572
26 74842459
26 98560357
26 235553719
27 867166233
27 519633975
27 729309517
27 921042637
27 618861352
27 953655877
27 844264656
27 15828306
27 42590657
27 729849858
27 276064417
27 137172780
27 425844330
27 532307341
27 890899635
27 48055183
27 385212723
27 971978649
27 41384800
28 480485337
28 843919868
28 184244486
28 106958813
28 607574107
28 324900096
28 897765678
28 214790853
28 9958279
28 983135655
28 358252317
28 558975606
28 300660297
28 23035344
28 388592350
28 746156472
28 775302378
28 760148215
29 820257073
29 630870889
29 327788128
29 606313479
29 792932031
29 685310285
29 129057821
29 346045304
29 801073054
29 384617375
29 129610727
29 299735704
29 405181528
29 203652852
29 623452174
29 788220701
29 803624420
30 19566233
30 105527729
30 671380183
30 26929769
30 525105428
30 831766508
30 389811636
30 814132610
30 610660710
30 528292375
30 902767131
30 540405046
30 743185155
30 746964026
30 333038482
30 54716556
31 448381007
31 195889436
31 236379560
31 952601998
31 142545172
31 829414146
31 365654732
31 150958667
31 549186868
31 233996134
31 615742527
31 922344703
31 48293646
31 563332569
31 124044779
32 278789947
32 380328833
32 576744910
32 263759901
32 543248261
32 508775315
32 313726732
32 423828465
32 635332119
32 987887332
32 636905969
32 244022859
32 951735106
32 4306360
33 702725765
33 760123371
33 356699974
33 220155125
33 733351098
33 665564635
33 896558314
33 608653779
33 595351607
33 356363074
33 405041220
33 304196467
33 893580311
34 903834083
34 789536088
34 135091320
34 146092742
34 442691154
34 365099497
34 966711794
34 963114311
34 57012439
34 631199322
34 728607857
34 160379516
35 319512788
35 109188732
35 291395261
35 878616641
35 446661500
35 856248141
35 438101849
35 499602158
35 411512286
35 428871084
35 398097132
36 881307748
36 562628104
36 51169176
36 217528322
36 19524640
36 227880150
36 964518097
36 403496971
36 9451036
36 707565079
37 522811861
37 780235414
37 345294783
37 420545369
37 991467991
37 711728815
37 7538033
37 367798968
37 381769254
38 33806893
38 655622272
38 468461632
38 815168088
38 642706277
38 635869135
38 470300462
38 403636596
39 771595776
39 365000107
39 294869485
39 553067582
39 903681267
39 687390200
39 577283365
40 944806139
40 267723851
40 756336684
40 337148613
40 264378565
40 422080447
41 885535079
41 739603708
41 966072259
41 203848429
41 586167689
42 960558965
42 854618249
42 451466957
42 145600342
43 624379926
43 160772587
43 744946287
44 226917518
44 321216347
45 274248535
46 468643362
46 49575289
46 320667887
46 395812811
46 155206399
46 243943627
46 574255925
46 446760375
46 72970135
46 943352734
46 845377125
46 931579445
46 941813007
46 722086996
46 504572673
46 874683172
46 853190755
46 760616723
46 788270218
46 484227209
46 489901202
46 761382026
46 264091515
46 801063635
46 160748870
46 152412649
46 516590782
46 769586307
46 815853279
46 355007204
46 113961994
46 206676094
46 939864092
46 145601945
46 90218093
46 181235843
46 15426288
46 414000791
46 624107404
46 456217407
46 372099771
46 403537193
46 480288030
46 715442226
46 251917400
46 530208346
46 482896302
46 476744082
46 699101165
46 759491320
46 204460722
46 939918207
46 549668137
46 855194580
46 617758114
46 42974018
46 87449385
46 504012388
46 980604304
46 873586251
46 106175143
46 700098965
46 281400633
46 651079555
46 653342762
46 343607581
46 587086993
46 386449799
46 245053882
46 726748023
46 889167645
46 168802480
46 853948578
46 533395248
46 894033659
46 930871128
46 404430358
46 769697507
46 397913157
46 443444086
46 753200356
46 484196965
46 959646778
46 102915997
46 76536268
46 208066371
46 239278315
46 158049576
46 66441397
46 291670292
46 8718258
46 775638014
46 465430472
46 965456526
46 409443807
46 328437499
46 15921962
46 399006325
46 232652831
46 625886755
46 69837898
46 835453709
46 376036843
46 795289541
46 656487175
46 8955587
46 546821979
46 358942176
46 206420555
46 706912069
46 981590639
46 32552153
46 439161812
46 961416465
46 538661457
46 327220426
46 366857373
46 955831831
46 322476445
46 259714414
46 36924467
46 481703756
46 292574883
46 945667268
46 714811674
46 775194171
46 979867586
46 622821612
46 415143786
46 957928518
46 138274639
46 828445986
46 496410135
46 851262643
46 813178354
46 832968336
46 275826602
46 4473919
46 871605541
46 700941614
46 10951698
46 527638048
46 796999344
46 759216694
46 189480840
46 141432986
46 150063100
46 882626040
46 237942568
46 930826907
46 477719858
46 10051394
46 614071947
46 309275316
46 382897691
46 412041823
46 275046922
46 712630000
46 728415731
46 244985719
46 575296400
46 968914867
46 997295092
46 15819504
46 838290244
46 368188388
46 252459056
46 991317775
46 723025364
46 530678108
46 189989484
46 831707808
46 878874136
46 583148940
46 466330810
46 501687984
46 229662144
46 863275972
46 539734562
46 875530804
46 844259690
46 810745681
46 960991573
46 145079366
46 444685943
46 31237995
46 98311535
46 272494842
46 447824678
46 792218135
46 541367331
46 79363874
46 50717543
46 832466329
46 125416066
46 896533579
46 937825432
46 133261915
46 750116427
46 551258236
46 663392398
46 422796149
46 797556210
46 937183569
46 423462186
46 414686533
46 679143340
46 878917740
46 689746134
46 506492533
46 828899170
46 484050696
46 484532915
46 102283472
46 77514058
46 27267315
46 973129392
46 720661554
46 615653645
46 638627017
46 131248765
46 102252340
46 30775179
46 654277604
46 355848005
46 596506216
46 537225403
46 483052217
46 116224848
46 541254116
46 627659261
46 276860717
46 371054443
46 324169291
46 580151354
46 444834197
46 713601346
46 972466544
46 457645790
46 950419281
46 379158852
46 854707867
46 709828814
46 662144791
46 349417534
46 511755213
46 143811161
46 419203369
46 653926321
46 47634416
46 726429520
46 132865589
46 645073546
46 336462959
46 287978703
46 237777352
46 136514412
46 626438883
46 359371840
46 68379107
46 685811849
46 235850242
46 133736054
46 571907897
46 398077290
46 176169880
46 841958799
46 295396612
46 523836303
46 552566303
46 349015711
46 31437518
46 915982230
46 258595985
46 237284394
46 863078927
46 954897033
46 421318964
46 799055852
46 284952314
46 39714632
46 921425750
46 490005131
46 215526938
46 325954555
46 883600410
46 683932277
46 26395062
46 451443715
46 533149538
46 723019450
46 174942856
46 328319330
46 945463642
46 903552009
46 866411565
46 164640077
46 363488122
46 137567116
46 181777310
46 570243056
46 577908402
46 570930282
46 923078976
46 203085158
46 53011836
46 979003137
46 476540079
46 368997476
46 84831440
46 542650952
46 61834723
46 778065892
46 497280488
46 968650845
46 276364922
46 777164875
46 700123345
46 683737622
46 646847881
46 593596866
46 723310075
46 803771622
46 821059907
46 810736406
46 259624631
46 888199698
46 652969240
46 342526895
46 452893286
46 588845233
46 299841112
46 870017163
46 457316290
46 291477577
46 681357840
46 792244722
46 829953846
46 640782497
46 851270476
46 798000346
46 2486016
46 461200192
46 415208961
46 809429927
46 288763138
46 424995861
46 62767393
46 795627526
46 100160128
46 471306109
46 593634097
46 376338039
46 244863891
46 866038088
46 106329868
46 284416914
46 459687922
46 269813847
46 744670861
46 731382311
46 342723618
46 680194413
46 878073249
46 761113805
46 1653279
46 65000058
46 441915302
46 92814973
46 385965882
46 770087596
46 359382594
46 176646825
46 158165629
46 129578849
46 252549063
46 589947709
46 344632745
46 637669071
46 70926559
46 238619840
46 844880622
46 325869161
46 186926197
46 189619295
46 608573766
46 109577122
46 694782069
46 185450005
46 424735395
46 566568013
46 735033441
46 457679070
46 818026809
46 718027043
46 448876924
46 363873125
46 509322820
46 591045455
46 520395789
46 625404782
46 981587195
46 399330648
46 137538602
46 210539985
46 541762043
46 121221171
46 671608532
46 875127386
46 199964637
46 75028251
46 200028600
46 997381364
46 494887242
46 85870078
46 784173712
46 609073668
46 458743821
46 160742446
46 846699187
46 317536591
46 6094176
46 510563313
46 145464363
46 449794275
46 768572517
46 146979008
46 792955549
46 539640826
46 684748952
46 933978201
46 283741808
46 856844070
46 587473235
46 58409899
46 980733838
46 920676718
46 856258895
46 799199197
46 338439699
46 757230103
46 491498975
46 732664473
46 369324
46 310698107
46 904545861
46 856804619
46 102389327
46 267224346
46 169225884
46 638022332
46 496353113
46 254249806
46 886663907
46 189639572
46 217429371
46 448221850
46 642407340
46 267541302
46 459453667
46 823026805
46 243933821
46 341595046
46 236605980
46 542357948
46 379599735
46 685451343
46 235840417
46 197049264
46 690101849
46 600065513
46 643383265
46 348715269
46 880354331
46 993065310
46 788416044
46 471048160
46 791512065
46 973222949
46 360325963
46 573924316
46 139987341
46 104158767
46 173836776
46 247148611
46 684192770
46 593933882
46 529194433
46 918670716
46 397308193
46 114250408
46 9961212
46 786388023
46 151630663
46 529479361
46 118187402
46 914261819
46 708611777
46 330416162
46 381776313
46 545868403
46 615699954
46 387361656
46 27829239
46 510243307
46 704190703
46 366216651
46 770487460
46 27742547
46 392284113
46 217769564
46 974013839
46 591768697
46 818050271
46 898697280
46 151322620
46 305114380
46 196944933
46 162650845
46 23296292
46 744036295
46 696184458
46 159355708
46 216182143
46 828580857
46 696631461
46 139906585
46 486753806
46 808355035
46 673311526
46 291383973
46 457550147
46 966088848
46 504850497
46 500609885
46 283261187
46 727502704
46 347706144
46 59404937
46 586528071
46 129129353
46 975844225
46 916930478
46 694734392
46 161945065
46 339381849
46 947502973
46 401708890
46 457548103
46 586163396
46 8600421
46 955517665
46 128161043
46 115781030
46 541862135
46 395763164
46 101873545
46 599877609
46 735885977
46 424608034
46 78157521
46 578807958
46 855426304
46 352569288
46 143512312
46 802454788
46 597170660
46 905973741
46 245526608
46 364078329
46 321266173
46 995766058
46 541210682
46 744275140
46 510473826
46 382389432
46 144038856
46 678444233
46 466248024
46 12791985
46 911990636
46 814667635
46 335454279
46 695913120
46 159195215
46 642605649
46 798251000
46 730166793
46 960058912
46 186650164
46 790335919
46 684588201
46 642568193
46 578527210
46 144577278
46 943920513
46 585014158
46 265521060
46 862456474
46 736756492
46 456267643
46 260632919
46 218962326
46 761578917
46 206530412
46 553323993
46 651400214
46 507868121
46 850363599
46 875816395
46 802059278
46 951627799
46 59167076
46 963061693
46 561149707
46 51486805
46 791189467
46 623027541
46 381835198
46 572543507
46 248856708
46 153589286
46 34757684
46 178802125
46 642851907
46 317337788
46 400066175
46 487812024
46 734814381
46 771833018
46 459919444
46 573764332
46 899620841
46 845826645
46 364790759
46 904263845
46 553103717
46 61862237
46 458045524
46 341136276
46 567220992
46 339656592
46 736277971
46 598908507
46 667421479
46 240070875
46 108396918
46 62563595
46 159063846
46 959582723
46 334266895
46 309415466
46 431554049
46 662600827
46 388294439
46 825505460
46 485191572
46 167698650
46 496957932
46 172477421
46 343555235
46 8145889
46 262677110
46 955256044
46 637034264
46 600195523
46 237171282
46 281146846
46 993188506
46 927257798
46 627092296
46 301239187
46 855034323
46 446575156
46 814456402
46 983505640
46 556431050
46 842108906
46 850555258
46 993233483
46 726105365
46 24709760
46 947044272
46 401537943
46 64383241
46 227628632
46 702957798
46 664133593
46 822460663
46 98325933
46 956240494
46 988205753
46 570608027
46 264890783
46 915805121
46 186733211
46 773492324
46 69913448
46 952927938
46 973549947
46 785786645
46 152899691
46 100844268
46 656493415
46 950307262
46 861744072
46 220405127
46 394678945
46 491567260
46 337317165
46 178912261
46 469265523
46 611998022
46 262014176
46 755491492
46 424972450
46 842975388
46 845375592
46 328745344
46 444930113
46 223524376
46 717410832
46 500962701
46 980623460
46 620613031
46 193796509
46 512529626
46 972217808
46 771010093
46 338422754
46 363186113
46 830085830
46 78322897
46 961097890
46 493852164
46 634052558
46 217669870
46 383478638
46 346175108
46 736823899
46 820795581
46 570804190
46 360515155
46 717395594
46 40845563
46 768674036
46 993794458
46 301154985
46 925825637
46 900723053
46 969310579
46 895439718
46 330678164
46 883133495
46 335783930
46 93671012
46 29858602
46 173429832
46 956593576
46 330496129
46 431488889
46 162291560
46 788388281
46 783747693
46 594834867
46 651807288
46 667460610
46 507793962
46 620811596
46 964176604
46 933115623
46 284735275
46 226433464
46 551026372
46 527617837
46 371007003
46 802495164
46 500151549
46 993488293
46 499191216
46 658726073
46 393902889
46 905989218
46 305481945
46 500540728
46 54909236
46 790253522
46 671276634
46 667214159
46 685160030
46 896150360
46 83341678
46 592770997
46 226160698
46 86234534
46 538710174
46 156691545
46 996487948
46 437888592
46 638910285
46 359051175
46 426289078
46 277914918
46 318906166
46 799620504
46 770199182
46 680428776
46 313317028
46 41199826
46 723536343
46 994028275
46 491466240
46 598157357
46 178150241
46 941062268
46 577412027
46 630162377
46 554404904
46 257720789
46 632114691
46 771665935
46 125127446
46 869898053
46 389650264
46 959131090
46 283255795
46 732924045
46 818445009
46 448615341
46 438371871
46 311998434
46 355518892
46 540960879
46 325761009
46 581032298
46 461840068
46 870811650
46 767754002
46 293997569
46 764512196
46 795677306
46 563348279
46 564099411
46 615300124
46 968710913
46 688765467
46 796996755
46 59937992
46 383197871
46 962909019
46 686701854
46 248051181
46 611707160
46 217022523
46 940899449
46 869269813
46 23775623
46 797577532
46 618950389
46 121044570
46 862776079
46 135019402
46 559317740
46 339930710
46 691874095
46 825049179
46 534847607
46 414483831
46 784173764
46 994560006
46 588425143
46 244236103
46 78085067
46 901760606
46 209044536
46 353343236
46 248458565
46 521858104
46 695767319
46 570424936
46 61687132
46 344630522
46 671250659
46 968501436
46 486510924
46 165597142
46 331516967
46 372438040
46 50795273
46 139395540
46 609382613
46 562378425
46 15518082
46 960972872
46 427299561
46 46935780
46 307756716
46 570526875
46 341214721
46 689092543
46 732733571
46 625224346
46 721030156
46 580441037
46 450893671
46 583763136
46 576393415
46 959929222
46 999625681
46 20805693
46 301456009
46 896930366
46 228780883
46 239561390
46 610995636
46 382947921
46 21378879
46 801529789
46 412316288
46 711742367
46 311278728
46 158464465
46 653274972
46 487910592
46 660428369
46 11636842
46 333097196
46 823609826
46 238278947
46 127479893
46 211114749
46 580513453
46 307684277
46 2910978
46 692166131
46 24239954
46 594210811
46 289428823
46 919784558
46 903143962
46 671096019
46 965441142
46 756214812
46 438399633
46 511547165
46 725101746
46 91823271
46 986084798
46 237436714
46 25701035
46 267123895
46 141245037
46 383054499
46 388855513
46 293592727
46 754329667
46 168700852
46 641843059
46 465616112
46 954800424
46 646097383
46 622660228
46 617512086
46 862236405
