2000 100
1 271594087
1 241319667
1 578587726
1 178358927
1 516573838
1 820148356
1 352232311
1 172554654
1 638926839
1 459038037
1 389712344
1 736051894
1 142598548
1 746314666
1 501622174
1 411719242
1 958471672
1 427277923
1 564196613
1 523458687
1 18735706
1 101631935
1 13428647
1 746744610
1 904786244
1 505540877
1 473881822
1 935547997
1 383378655
1 155626871
1 616379367
1 491144014
1 273247125
1 458746845
1 429116309
1 381316259
1 470845751
1 758955462
1 421818838
1 742001464
1 490852318
1 914277125
1 528360052
1 102499509
1 555819917
2 228475890
2 456971793
2 270657555
2 775620357
2 342441722
2 524370005
2 267039905
2 507129091
2 320944559
2 463076590
2 774370873
2 91667071
2 90773070
2 672975076
2 691743045
2 638062201
2 188260361
2 351579048
2 959975627
2 883180368
2 193572945
2 981236439
2 233098789
2 768757987
2 94269296
2 543543365
2 814147906
2 655638838
2 511458498
2 33905964
2 310693517
2 452411490
2 630362243
2 471698943
2 246574734
2 664322686
2 684155079
2 373233079
2 776949387
2 349358171
2 832452060
2 708458924
2 828303198
2 898159299
3 300272324
3 536020971
3 193111002
3 707241530
3 360140842
3 708565130
3 936902747
3 499706992
3 613140728
3 681541443
3 724283724
3 252441718
3 333593731
3 511297082
3 499544925
3 490118813
3 291218032
3 417849177
3 381267028
3 713750426
3 732132011
3 952877800
3 697738877
3 618320792
3 715255466
3 224756718
3 935083698
3 151135376
3 386729140
3 451656224
3 238700207
3 627332500
3 191036684
3 421198992
3 974865671
3 654039590
3 341811716
3 286226535
3 123244533
3 281196504
3 757534341
3 519251966
3 700090971
4 708752424
4 481024022
4 660587002
4 167492101
4 778129489
4 6942943
4 754188803
4 503056050
4 414930811
4 393299448
4 621526771
4 209768466
4 363994962
4 45570713
4 390427623
4 235528152
4 598184593
4 384985052
4 345008170
4 699364364
4 460972474
4 993853544
4 595659009
4 133454977
4 746237598
4 885604583
4 258871798
4 69173053
4 307170591
4 553451602
4 290020776
4 412469604
4 463371375
4 115288614
4 801100556
4 416925658
4 965417631
4 217107650
4 339933309
4 344477223
4 856135716
4 170535819
5 44145468
5 746089706
5 188654635
5 462953762
5 639181619
5 796944013
5 580944148
5 562238994
5 435660699
5 727762288
5 665957832
5 652847013
5 928098591
5 241717560
5 538785571
5 798855533
5 976620290
5 844559485
5 637601774
5 516056494
5 243441044
5 873004764
5 785940195
5 746157350
5 951445362
5 941277951
5 596572188
5 410884205
5 743093074
5 927575018
5 535035974
5 383493369
5 229686001
5 107113644
5 724300095
5 693776791
5 323831591
5 121217713
5 880584525
5 236493144
5 351297053
6 146752297
6 281270827
6 52553925
6 813103006
6 873312492
6 587928352
6 4502852
6 64595023
6 56285911
6 427885323
6 495840729
6 817484456
6 998690274
6 612773087
6 151087680
6 119801234
6 890783778
6 15427794
6 335780716
6 638855737
6 797247928
6 754132627
6 972140264
6 18035241
6 12170894
6 720931643
6 694386653
6 566948463
6 562037409
6 163745855
6 51572792
6 800118328
6 97273263
6 803413555
6 446576239
6 15635122
6 429831153
6 833338163
6 403408348
6 406325886
7 99688468
7 771454280
7 826904546
7 847535908
7 960632388
7 717591994
7 95122779
7 328972511
7 829615912
7 650084845
7 592981923
7 364095184
7 235935313
7 639279635
7 373377745
7 238512546
7 520971136
7 401147183
7 729839959
7 484191726
7 668822047
7 93036831
7 134474914
7 752371368
7 958094146
7 16021901
7 809092809
7 295301806
7 162885511
7 223744340
7 4380830
7 205224820
7 590589287
7 515129352
7 235491906
7 190839821
7 818623067
7 323343857
7 188498147
8 32646992
8 144315342
8 298592848
8 559576936
8 191568892
8 91752370
8 719521321
8 176135400
8 979502328
8 710127152
8 966440689
8 356427024
8 195427562
8 355675892
8 980680977
8 169990055
8 598786517
8 814240611
8 16824548
8 623221946
8 707936323
8 946238170
8 178252714
8 86119453
8 806766996
8 690396745
8 138999976
8 195645461
8 751010932
8 865188994
8 46942671
8 979790667
8 504841336
8 226468321
8 754610141
8 693587257
8 345299173
8 914893310
9 816101176
9 992882004
9 78281947
9 459458977
9 988614241
9 399273024
9 540639789
9 429841503
9 419524367
9 585555906
9 829764052
9 225283562
9 83619808
9 817361460
9 879012471
9 869178118
9 741793619
9 552327143
9 332156627
9 128043813
9 50813824
9 538119720
9 622989407
9 517414516
9 409952826
9 301874297
9 334443661
9 499027765
9 351240070
9 926376237
9 34785045
9 241955675
9 415376722
9 423652278
9 173970655
9 459396528
9 478506085
10 35995868
10 409288933
10 184683864
10 973947948
10 851420699
10 991572261
10 384834271
10 802820131
10 844315352
10 604849012
10 225334416
10 294833049
10 721306140
10 486092363
10 594514088
10 700708849
10 50196466
10 251296881
10 2985040
10 893774549
10 752312457
10 376636946
10 234597235
10 140262409
10 644753233
10 632057112
10 433173081
10 37319510
10 208560826
10 86914093
10 569022805
10 747132820
10 106089109
10 737226272
10 577291102
10 174816734
11 933410660
11 74769746
11 755087662
11 244360428
11 916804309
11 729922581
11 59476434
11 73665319
11 938772680
11 466753286
11 602654918
11 640751809
11 840437480
11 114570888
11 500401760
11 846880038
11 242456546
11 602525230
11 365520293
11 956026767
11 636503185
11 853175465
11 868694821
11 930450685
11 468600657
11 424753355
11 399898488
11 709720011
11 471351578
11 177144125
11 6434094
11 560341246
11 94983284
11 221560132
11 336760838
12 274314904
12 713793017
12 817046313
12 769987364
12 934654457
12 625153781
12 866291920
12 740003468
12 224950165
12 837366022
12 910874316
12 239745199
12 291155556
12 472280439
12 138150143
12 223429236
12 369142484
12 731851127
12 400783377
12 251317413
12 265126556
12 475596694
12 30783683
12 194162362
12 963076428
12 343465827
12 690079216
12 241323819
12 311768126
12 216249547
12 879814968
12 446691075
12 527114129
12 555432773
13 199897188
13 862587038
13 934643169
13 262104455
13 290056093
13 942416849
13 470725905
13 264211371
13 7378855
13 827413840
13 529063953
13 885792853
13 846654811
13 860985374
13 49994070
13 951231437
13 306827266
13 157847817
13 308416935
13 192174746
13 225630461
13 864996847
13 822613952
13 649082494
13 800691233
13 268093590
13 432613367
13 223227807
13 546339740
13 845171218
13 593726094
13 349374272
13 298111059
14 211714227
14 395267842
14 845215186
14 533853706
14 774854750
14 924380826
14 649692817
14 469530537
14 120894565
14 650816309
14 666380644
14 740551336
14 543035983
14 906503421
14 460366755
14 699546153
14 830184057
14 580124658
14 46821331
14 334794732
14 672037165
14 340057081
14 362053482
14 161712771
14 297743218
14 444017663
14 106792414
14 336068504
14 310404843
14 906280159
14 254510869
14 992733864
15 353828779
15 3424736
15 727926007
15 23333602
15 488777518
15 306338311
15 210488148
15 929233077
15 632236536
15 220269705
15 572468321
15 52685363
15 989167767
15 968605640
15 944030330
15 192315551
15 911202327
15 728041900
15 648615502
15 399607758
15 201720559
15 703952739
15 831701859
15 89779409
15 860561449
15 960532430
15 126386096
15 99032433
15 420067523
15 668546864
15 41559948
16 756792749
16 259993256
16 428705103
16 69127673
16 14072428
16 633807392
16 823940076
16 18161568
16 397781365
16 692231024
16 228527168
16 545618009
16 781797221
16 713402798
16 152760303
16 436237580
16 728920598
16 484229409
16 836333865
16 903379888
16 340835052
16 448106157
16 368274760
16 552625448
16 701618699
16 671918585
16 417606705
16 170059788
16 343734886
16 974300978
17 892022881
17 604893589
17 855532856
17 910178167
17 166160133
17 188726665
17 289559906
17 595520925
17 958839480
17 258099581
17 369347375
17 48621816
17 250017160
17 449286371
17 251835553
17 91537541
17 888274462
17 956844186
17 83294904
17 505076418
17 599965549
17 839307493
17 11173735
17 378955607
17 448278962
17 129025244
17 823131198
17 920070709
17 509001387
18 68628408
18 294455226
18 196225823
18 617174965
18 465723055
18 832072045
18 15488338
18 411437324
18 545516207
18 19742895
18 63603940
18 268598932
18 128525022
18 324982159
18 541032818
18 188719361
18 691340351
18 515366926
18 474845705
18 287224580
18 503411287
18 141912525
18 104346953
18 324605518
18 833104553
18 8004304
18 94385025
18 263827778
19 229032905
19 397273082
19 601682447
19 140269223
19 688699976
19 367744011
19 555663493
19 110746963
19 805341438
19 532423239
19 947100177
19 539603937
19 539621155
19 307098078
19 375810591
19 422926574
19 947520362
19 52333814
19 482494817
19 830796962
19 399932926
19 350008296
19 202435445
19 881674509
19 996283483
19 219906073
19 286481562
20 852209303
20 251996588
20 583284867
20 577469538
20 813980576
20 396674997
20 932716506
20 814737508
20 502227564
20 112634572
20 888635594
20 251103658
20 727293613
20 488365366
20 964400111
20 126706273
20 155497799
20 213597255
20 616915064
20 516839746
20 904139746
20 98165665
20 574130665
20 67813958
20 152800441
20 51125166
21 297895125
21 262937844
21 102077345
21 698714977
21 241873177
21 402597415
21 491497411
21 854634125
21 765234398
21 5259391
21 264433307
21 117095457
21 989564289
21 982714898
21 282139607
21 971558930
21 391928870
21 996611688
21 729005258
21 985534260
21 645111711
21 559351456
21 355867135
21 331647793
21 866728160
22 973493391
22 47604829
22 236695823
22 651971554
22 948028709
22 238241356
22 902463237
22 58666647
22 703416911
22 212558097
22 535650111
22 674982599
22 195306900
22 109895266
22 856676769
22 221651463
22 977972527
22 256203863
22 305595973
22 605188191
22 291457314
22 184518599
22 565660668
22 260116224
23 33614340
23 911939090
23 991992939
23 390893955
23 684298070
23 816535829
23 739631627
23 73283099
23 686977506
23 571669196
23 464083185
23 470648574
23 118269530
23 33127575
23 247349499
23 680846573
23 678301391
23 730102394
23 780860228
23 567629149
23 833535304
23 455429523
23 138768729
24 303765398
24 678549681
24 568737740
24 179476654
24 761748072
24 884939209
24 948475724
24 496373327
24 914220886
24 263129782
24 642527497
24 713129200
24 5895486
24 931135693
24 354165273
24 997399960
24 538871405
24 743058663
24 895324383
24 759284726
24 123290251
24 929786257
25 677257215
25 263791246
25 673825265
25 152782302
25 151561828
25 961455630
25 265856175
25 404670865
25 898267322
25 971031676
25 987838694
25 548726846
25 64200322
25 995919776
25 627506264
25 518367235
25 767390371
25 920415835
25 667957921
25 175038281
25 824900524
26 962799201
26 500270102
26 335795442
26 483601372
26 710847794
26 622732893
26 425047245
26 860616668
26 925283169
26 743015734
26 213110326
26 508145659
26 107098168
26 922468682
26 813824534
26 161293527
26 539916129
26 363965770
26 691229633
26 799188108
27 644618285
27 955381051
27 559033756
27 452168056
27 242071409
27 452607681
27 791665925
27 555101393
27 596697698
27 333743324
27 229155587
27 416433830
27 315871374
27 424130594
27 944295510
27 730341438
27 929399718
27 825804523
27 752041452
28 69408943
28 428196411
28 573357822
28 128860105
28 839650954
28 919853144
28 868526326
28 409622890
28 846966156
28 684857772
28 992680308
28 67964622
28 591762536
28 560598175
28 171261869
28 341055697
28 459010672
28 989913163
29 234875381
29 207988827
29 296151597
29 439980491
29 260927325
29 622829997
29 284627760
29 675278802
29 860199667
29 32654256
29 266616437
29 344767708
29 746646807
29 610645767
29 463188165
29 536248851
29 873472489
30 705171695
30 749668780
30 699068188
30 669400640
30 559028188
30 551664302
30 833762112
30 756240034
30 537586652
30 275260057
30 700289395
30 654992809
30 434609909
30 607449716
30 565835008
30 536855445
31 526505464
31 63587214
31 309630216
31 683650654
31 580191266
31 980808133
31 609990191
31 669719062
31 399740778
31 316133927
31 526311697
31 203007124
31 444675969
31 695738526
31 408175760
32 67748723
32 725770293
32 885811261
32 260031311
32 996994537
32 782071813
32 371149155
32 679974982
32 508462104
32 811494253
32 593730409
32 506318609
32 104964203
32 318421886
33 952150105
33 214438508
33 810972890
33 922497968
33 166059568
33 33460523
33 344809281
33 73623748
33 781077626
33 368942121
33 909130099
33 532206179
33 697432682
34 240453394
34 307498986
34 119866880
34 128572218
34 89139905
34 991657697
34 304215465
34 889160452
34 338313454
34 666662512
34 576854105
34 264115720
35 339334550
35 884427488
35 13712740
35 450627553
35 947541908
35 180926967
35 754204374
35 734842896
35 597578125
35 442118063
35 819639236
36 580344687
36 463495778
36 732564126
36 633524119
36 612380736
36 780536452
36 440375864
36 100025390
36 150793549
36 238705395
37 386474099
37 134537776
37 724111416
37 415063596
37 511092751
37 357252360
37 983715094
37 180364392
37 827476492
38 183058202
38 521948495
38 701111580
38 662271433
38 471763151
38 368894252
38 165705589
38 953466160
39 70859946
39 74244488
39 480986530
39 561151641
39 547748106
39 472147507
39 62243872
40 645092653
40 844232992
40 540335045
40 663576947
40 163057845
40 641937257
41 761841220
41 14655417
41 806858266
41 382714622
41 354281864
42 856181148
42 805484609
42 708875255
42 197001272
43 83541665
43 282697028
43 377383755
44 283937792
44 778709806
45 594040819
46 5429578
46 476873477
46 364700956
46 739603006
46 982916702
46 721861736
46 670886327
46 493353281
46 308361173
46 886322736
46 60044797
46 560392234
46 568512795
46 91397397
46 583711977
46 366585305
46 858746680
46 71319868
46 48636330
46 268274404
46 88023721
46 486320687
46 278316219
46 591040142
46 264056743
46 636356351
46 770022850
46 611064950
46 771561958
46 76461188
46 812214412
46 960866409
46 787053888
46 857949598
46 304860925
46 496383485
46 805756636
46 397730712
46 687554331
46 779300784
46 763513767
46 115766463
46 289735229
46 647911625
46 176017093
46 441524722
46 342654807
46 547611757
46 911069789
46 356091803
46 191007866
46 330256422
46 581229734
46 233668737
46 856311632
46 20845586
46 772171639
46 105640844
46 405874100
46 809293270
46 433026408
46 628273453
46 490030081
46 726744067
46 602346478
46 301608801
46 639997866
46 131740212
46 799694652
46 730294139
46 272769169
46 646140833
46 702141321
46 617178541
46 482368902
46 701235494
46 25921291
46 729002561
46 130727513
46 956017705
46 99879423
46 29677248
46 566187006
46 142394233
46 450361377
46 184381526
46 281735007
46 659261950
46 46398518
46 861013542
46 864519033
46 132807324
46 500717514
46 519228225
46 507167242
46 572746628
46 788964649
46 35189124
46 111626610
46 694938196
46 260319577
46 315819974
46 584335958
46 456729107
46 149369163
46 195881874
46 867030206
46 134848538
46 856614015
46 261301424
46 357624074
46 596419444
46 441022063
46 623179386
46 402809563
46 722252688
46 133725541
46 603934158
46 123188470
46 189098011
46 501602102
46 85040259
46 676833070
46 364534148
46 985199122
46 180543425
46 160582653
46 696173086
46 189295040
46 912962869
46 144155111
46 461895200
46 415693289
46 81856877
46 99635120
46 882182154
46 668520818
46 696043287
46 641768990
46 161883625
46 591251676
46 141519726
46 735528515
46 285351137
46 267479639
46 936980775
46 57513440
46 681313433
46 148768230
46 743123456
46 546116788
46 906062971
46 483846
46 572591612
46 985680830
46 937097282
46 850413316
46 917225469
46 197778206
46 862956005
46 756347081
46 668847017
46 380198681
46 319009287
46 217521293
46 899772916
46 363267177
46 226130147
46 161927884
46 557840605
46 660555715
46 693983312
46 247958668
46 991517614
46 694706264
46 667189401
46 904568824
46 81784702
46 946234133
46 645948553
46 966091776
46 593993014
46 455981856
46 283336318
46 985602064
46 601504556
46 25828751
46 740733893
46 458713446
46 902776775
46 776082995
46 884338413
46 963176351
46 699171808
46 598242936
46 253889866
46 233245533
46 649040580
46 789467646
46 237558612
46 735367924
46 61706796
46 669365270
46 491091409
46 35242912
46 195347897
46 52805310
46 920934690
46 876553197
46 939243101
46 794432657
46 259231022
46 777443510
46 833342256
46 771190967
46 830413549
46 855792367
46 729826719
46 452185012
46 305154308
46 892152822
46 353984157
46 251135810
46 263870528
46 247555977
46 574447138
46 925485744
46 817920477
46 73273481
46 128945943
46 782551200
46 629346130
46 798044786
46 889700216
46 122646025
46 328776794
46 456480992
46 576717541
46 369879674
46 485823319
46 798526164
46 239360771
46 162528799
46 210490047
46 807303400
46 458898628
46 382198968
46 472700558
46 600529243
46 647379250
46 690198250
46 612113870
46 360703274
46 489263449
46 131964062
46 111657070
46 130635863
46 185621043
46 898554874
46 233977838
46 393965921
46 666684329
46 272315853
46 894857627
46 627856045
46 880948082
46 962311148
46 60431849
46 8780905
46 98607931
46 580876096
46 823090678
46 103080359
46 344047179
46 691022727
46 168147322
46 772392811
46 484434881
46 166283706
46 152658102
46 139080458
46 96985332
46 130803825
46 166829076
46 708067755
46 66937790
46 528375045
46 722379792
46 404364411
46 39162474
46 302647409
46 242006626
46 172501872
46 937245000
46 682574533
46 158715424
46 539895946
46 261686541
46 692812061
46 420654790
46 476222431
46 84547021
46 115806522
46 920724639
46 158635233
46 2048386
46 295049639
46 495657961
46 92128211
46 349496583
46 130720507
46 730356587
46 895655483
46 372304186
46 632735134
46 741575243
46 547753689
46 947481049
46 741641797
46 148453565
46 97331999
46 523524210
46 868305919
46 644308948
46 755990297
46 672189185
46 512231615
46 399254790
46 351040497
46 340587850
46 123315292
46 534327977
46 62058962
46 153080591
46 725616589
46 414487343
46 843742289
46 44454135
46 118737244
46 972797627
46 246092849
46 11072196
46 685710445
46 653143141
46 566369261
46 381211115
46 261280516
46 695494422
46 736754020
46 954719969
46 527822045
46 455576626
46 35443663
46 673955780
46 917176070
46 408820357
46 565047559
46 991637267
46 382549732
46 704254083
46 354617042
46 757447541
46 636157724
46 936683883
46 465274246
46 581647502
46 8220364
46 950065497
46 577819543
46 531951250
46 167330824
46 451035567
46 3137573
46 703721282
46 529853572
46 197739207
46 266129688
46 549042192
46 90216598
46 386862890
46 852711787
46 663167528
46 315193111
46 659828146
46 624141834
46 245584595
46 178535665
46 745120769
46 714196600
46 463447490
46 710050777
46 498045048
46 10530877
46 804809070
46 924368705
46 824230573
46 95750784
46 269459122
46 533539274
46 165720354
46 738861262
46 362286013
46 404605409
46 538458860
46 530460727
46 58749574
46 623003587
46 167412613
46 249929033
46 518484405
46 829670233
46 653669546
46 469084892
46 116621971
46 357127465
46 725065650
46 698939993
46 607291193
46 734674286
46 561890911
46 37916685
46 526576038
46 104183393
46 645330369
46 293637355
46 741393850
46 508968662
46 79472403
46 215569438
46 935018032
46 996285902
46 855921746
46 639190606
46 519103073
46 30358828
46 577617744
46 585442918
46 163959207
46 233414701
46 654583970
46 602638908
46 596179413
46 1754367
46 687207233
46 895597999
46 569827808
46 100988641
46 979513781
46 721913981
46 40331883
46 224214068
46 851854732
46 831247021
46 122446365
46 109649750
46 978367564
46 821438908
46 270772981
46 721103246
46 959405921
46 918875270
46 97192982
46 336799752
46 424631363
46 495386321
46 218535558
46 752586738
46 533141108
46 988668411
46 88234477
46 518726419
46 784574255
46 541801787
46 286708722
46 572633140
46 51778876
46 770745091
46 179118274
46 484513074
46 813539688
46 259887862
46 199326491
46 327068676
46 882225141
46 649843403
46 703137547
46 156290003
46 510326774
46 985773532
46 121356415
46 532053179
46 798219845
46 227053210
46 360782307
46 128230457
46 610914785
46 713418459
46 964662201
46 323128490
46 471923283
46 387498941
46 978106530
46 987830552
46 546733824
46 19381268
46 389248336
46 630950784
46 175276811
46 420132535
46 402985107
46 161651308
46 266773315
46 438626483
46 613572257
46 225465324
46 910976585
46 930377397
46 710841025
46 422065078
46 516046360
46 854970289
46 244513170
46 466845789
46 271309778
46 469773258
46 687449858
46 536603068
46 43358702
46 992320302
46 797231378
46 593610124
46 275525099
46 295756026
46 61830312
46 400096960
46 188240889
46 946269935
46 715626255
46 770601783
46 217427910
46 905170991
46 582277613
46 153581858
46 251074514
46 310126357
46 931347949
46 443987346
46 465335503
46 215074176
46 42238301
46 989863717
46 519849169
46 826046597
46 297657908
46 111340992
46 185571314
46 536761644
46 856954429
46 417688693
46 495952790
46 958821614
46 139744069
46 340951206
46 148317252
46 281324396
46 939331051
46 236126630
46 962715533
46 61501907
46 569537536
46 183879925
46 868852821
46 786829151
46 271346668
46 770699063
46 446584819
46 49106983
46 817780557
46 840414496
46 191346557
46 979485878
46 956670213
46 535270832
46 684326463
46 858645492
46 257091294
46 864620765
46 854309718
46 327820225
46 876005908
46 124254051
46 437852197
46 479297889
46 485199893
46 254333623
46 417022910
46 125587163
46 540157272
46 265195660
46 771958388
46 225734903
46 607656505
46 694299349
46 804590941
46 971634400
46 486913612
46 535320567
46 308010927
46 209406757
46 194043095
46 113983761
46 137017817
46 312767199
46 595496441
46 520640596
46 573064253
46 574564376
46 62308631
46 704227956
46 947197760
46 152278911
46 448380763
46 281362978
46 316764423
46 150897317
46 354623453
46 723893968
46 66817653
46 619159369
46 270824155
46 407878227
46 417357690
46 926521299
46 986618477
46 379561871
46 529283593
46 424619713
46 656653830
46 66860713
46 619585256
46 284867352
46 969767911
46 497059221
46 122847381
46 216082058
46 434075442
46 813439017
46 557622757
46 634295402
46 919908731
46 804810526
46 846989869
46 736366504
46 61757483
46 989275608
46 205614395
46 986740991
46 945995916
46 412972172
46 904813573
46 30706218
46 714613728
46 437235800
46 675418623
46 419426021
46 957121250
46 51709496
46 733796401
46 706844407
46 28836118
46 175069546
46 285117373
46 200580616
46 710957008
46 552802252
46 282669812
46 402180476
46 649662942
46 677625776
46 455375381
46 956307080
46 91408826
46 446415059
46 494373656
46 152932979
46 208988704
46 341048643
46 906090363
46 755588853
46 498192038
46 535152976
46 856625311
46 275024429
46 395906217
46 689075946
46 976528153
46 924817704
46 131111269
46 128483527
46 900868568
46 356107699
46 616703119
46 164609266
46 877848240
46 859808757
46 440917977
46 660370384
46 176481507
46 188394546
46 250016424
46 700928301
46 47834730
46 457526150
46 915247193
46 176490076
46 215317364
46 358638606
46 82615185
46 850976051
46 627892103
46 39839283
46 133745108
46 799765515
46 516645914
46 663766711
46 683574658
46 62763563
46 665459853
46 907358358
46 701731008
46 633985877
46 929197555
46 93139281
46 414728892
46 531740436
46 172800389
46 534097308
46 889222835
46 683525188
46 695228620
46 20346719
46 510719397
46 200492164
46 137443077
46 858350618
46 696635146
46 764755056
46 800772383
46 542627707
46 146990203
46 377600010
46 667795615
46 644169244
46 471175759
46 643252435
46 974882729
46 833537640
46 25046396
46 409007403
46 210408601
46 364618999
46 526884389
46 895726909
46 453007122
46 312756275
46 29384950
46 232535548
46 807075566
46 110573290
46 785675941
46 952586506
46 408483413
46 871010623
46 993342486
46 768046325
46 236429885
46 814549931
46 913631983
46 959341483
46 172347059
46 318846802
46 123106085
46 188661708
46 485454134
46 700109367
46 587961345
46 293970757
46 666855272
46 819090432
46 263966256
46 779514661
46 564177742
46 249624018
46 533256486
46 425082313
46 70030797
46 105529904
46 839964441
46 858153266
46 111826929
46 214595886
46 81767846
46 35529011
46 971573641
46 561728095
46 429647586
46 744979299
46 333289725
46 183150275
46 816232843
46 331218482
46 181457696
46 323110152
46 112935563
46 91034869
46 78609460
46 839381543
46 291773534
46 137306236
46 628692085
46 387285078
46 271262426
46 220188178
46 414412
46 3627252
46 500256924
46 167009485
46 453705749
46 7095278
46 371646921
46 981787232
46 809371156
46 955164724
46 438024991
46 51266614
46 593463336
46 977649261
46 103690439
46 780565434
46 706075568
46 716312759
46 260095850
46 394275349
46 532703622
46 359293972
46 557656472
46 846077238
46 109248235
46 91099841
46 193891076
46 467311393
46 98185234
46 483084488
46 193383853
46 66904970
46 636018764
46 144561326
46 174178595
46 353450981
46 493563130
46 646567110
46 174867874
46 403366082
46 504069419
46 369591261
46 905884232
46 117825148
46 194587249
46 581679777
46 593421664
46 902081989
46 735000628
46 889648291
46 152814234
46 790838409
46 675294219
46 356112131
46 52610029
46 842923184
46 767162353
46 41143901
46 847143738
46 100663237
46 373785954
46 379891890
46 286057376
46 536022175
46 704949700
46 362243312
46 309390732
46 411508095
46 246199895
46 648213668
46 217030603
46 90188412
46 983338275
46 837576890
46 28702370
46 989002226
46 367763630
46 920233464
46 926796235
46 164859859
46 245549933
46 697681269
46 481476834
46 176902561
46 823326587
46 817163719
46 351649463
46 403843372
46 228338568
46 628225929
46 99876584
46 902308212
46 581564113
46 350636910
46 393201134
46 347254420
46 781463649
46 700961804
46 893844176
46 190546851
46 107800694
46 915479432
46 144436150
46 196532854
46 251889718
46 562698793
46 182539460
46 654000938
46 264786618
46 805849373
46 475287102
46 335608906
46 980442526
46 822804105
46 90721967
46 199822392
46 611910014
46 676574821
46 546491364
46 840097789
46 186285573
46 487787980
46 271159960
46 781980320
46 202422093
46 919698472
46 826354048
46 60709857
46 680217777
46 281431623
46 701463789
46 759476608
46 815916534
46 592323771
46 226663740
46 344932681
46 68496209
46 359287414
46 787160146
46 305871465
46 805279227
