2000 10
1 961092151
2 965677516
3 902282291
4 783738136
5 971015306
6 588940069
7 433397315
8 932780186
9 713193964
10 398092986
11 905687373
12 172789408
13 803246544
14 284448604
15 1936753
16 110496253
17 799097381
18 137316044
19 70685516
20 139905351
21 301579595
22 79650045
23 537440631
24 986476966
25 656014216
26 991160224
27 99630410
28 182228466
29 473912334
30 739080301
31 805417730
32 530849135
33 121943663
34 960626257
35 943790323
36 259403149
37 639137259
38 836082177
39 150162244
40 985625366
41 213315583
42 646927544
43 74005204
44 2031709
45 873726181
46 162323616
47 377790174
48 825359486
49 939966199
50 277263642
51 350003596
52 743964471
53 230684971
54 282757527
55 849382401
56 223328707
57 199144220
58 485212094
59 399009834
60 406667531
61 206218947
62 357385996
63 830887088
64 573201531
65 836609274
66 324405578
67 362461111
68 508255750
69 550965058
70 264796027
71 598688267
72 895135484
73 373217930
74 577312392
75 310119293
76 555207377
77 436140561
78 371042949
79 258940585
80 833762353
81 503649946
82 814005603
83 430087210
84 80913397
85 468412377
86 972276812
87 424945071
88 850052400
89 473800166
90 973385866
91 65311760
92 773601940
93 281027415
94 824676031
95 822068806
96 937089288
97 765509377
98 455736491
99 109028725
100 965773691
101 104143084
102 934493052
103 704919422
104 858751578
105 136398002
106 347163161
107 584160088
108 790163694
109 899295189
110 317223328
111 240598628
112 206886732
113 838673989
114 60243940
115 98112938
116 791602470
117 284768455
118 884681841
119 193856910
120 458580294
121 531080743
122 355804999
123 262576464
124 850654045
125 238098964
126 799527242
127 653197081
128 949817566
129 430633139
130 538075244
131 947857131
132 979082572
133 945923658
134 64599546
135 990750496
136 605146108
137 582248917
138 133853038
139 788447393
140 512146517
141 823769076
142 199109198
143 910043551
144 318169004
145 577143053
146 626176435
147 479844191
148 813317244
149 559265442
150 445272732
151 591309117
152 725518267
153 146078032
154 410075423
155 878972164
156 294547455
157 516291028
158 708285146
159 376616972
160 438823071
161 128925482
162 491445483
163 367970720
164 503293269
165 11143329
166 728206016
167 992263645
168 196319061
169 498747281
170 767715810
171 152157123
172 691720467
173 476164892
174 599056346
175 435331373
176 949161359
177 64765508
178 910364773
179 609478766
180 919428667
181 63417722
182 540017019
183 105163000
184 204360945
185 718023539
186 872479866
187 566764332
188 529097208
189 556152845
190 733500667
191 203270690
192 169676933
193 942816547
194 265149927
195 236623486
196 165744128
197 306969135
198 936923119
199 23471089
200 672886856
201 250319557
202 573162961
203 77999671
204 77868117
205 204153238
206 946685144
207 937559313
208 958062577
209 656920710
210 148589228
211 249426439
212 816126639
213 171739221
214 75573699
215 450541315
216 856014121
217 718208155
218 739367507
219 705088026
220 791104693
221 344957906
222 420046321
223 529096130
224 745143383
225 340897423
226 172162943
227 591028276
228 160403093
229 421056615
230 501339136
231 231061824
232 8091031
233 428361513
234 915496752
235 971606809
236 700434093
237 132874340
238 443145936
239 697013534
240 12328394
241 743272594
242 120948855
243 704316975
244 847523568
245 130275762
246 332182992
247 457675084
248 279031861
249 521154000
250 966239470
251 20514128
252 139678000
253 777903969
254 576411392
255 510554054
256 844666357
257 289583542
258 260125880
259 337598309
260 178816240
261 320260262
262 120079074
263 394958781
264 43399715
265 682741708
266 87248082
267 820508801
268 404940589
269 641567826
270 413828881
271 129332348
272 188228077
273 647284220
274 154592243
275 544326700
276 645959633
277 707486144
278 680285891
279 273999929
280 170713162
281 594833136
282 805952934
283 10242359
284 318506111
285 8860554
286 903640203
287 662314095
288 773027478
289 701426244
290 705404375
291 449087116
292 285862797
293 476231124
294 65047700
295 429493838
296 309222658
297 819200821
298 693767522
299 681978513
300 981780525
301 811582645
302 941865204
303 987450817
304 330203837
305 236111224
306 582425920
307 234662608
308 482022741
309 334163757
310 619799514
311 77240038
312 120220218
313 473990946
314 732896566
315 535614107
316 96509416
317 627496647
318 136161188
319 483137205
320 884356567
321 961947887
322 336447858
323 258870957
324 555764563
325 267574454
326 151187364
327 286002063
328 904627721
329 437021765
330 38124869
331 488453202
332 778865141
333 423064062
334 829418734
335 784192249
336 276724876
337 405847789
338 109335018
339 462336150
340 89616642
341 293445405
342 450612726
343 263540303
344 644742295
345 249986877
346 598025475
347 922381556
348 881270543
349 245330750
350 486652848
351 205925824
352 923415458
353 635654674
354 341857
355 980109469
356 740466764
357 879905800
358 753051209
359 647378520
360 438260346
361 925746683
362 984836638
363 318243409
364 540956167
365 94483675
366 33122455
367 948088876
368 823997161
369 441673567
370 496884778
371 540557391
372 463312345
373 994026575
374 528996706
375 363241531
376 291997077
377 876802739
378 704497650
379 720125494
380 226041423
381 889090635
382 210450849
383 36363006
384 288386450
385 545991879
386 924493871
387 382588493
388 256048162
389 30480939
390 74183018
391 867035388
392 954183980
393 318627521
394 732460528
395 449798112
396 377397034
397 251821411
398 178038591
399 439806712
400 863772764
401 278009726
402 114065109
403 729950908
404 637743883
405 376853886
406 329518864
407 584096186
408 860918440
409 696794740
410 801035278
411 544371616
412 751202456
413 605410514
414 405497583
415 912300221
416 588388179
417 329444080
418 170778796
419 570485146
420 7697413
421 628718075
422 569101115
423 396899632
424 817366146
425 63801510
426 37033063
427 15425617
428 835844435
429 673506219
430 495888184
431 216897724
432 204456513
433 789691673
434 732435485
435 869394630
436 129424551
437 589519716
438 267662756
439 67683248
440 646309335
441 382760310
442 393315326
443 39151154
444 582746956
445 803383941
446 614015315
447 839299078
448 77247167
449 487533811
450 25181384
451 759892985
452 767541477
453 118267351
454 259253714
455 887592187
456 22079284
457 154513506
458 937636979
459 861725351
460 497200162
461 12266613
462 89716237
463 891270489
464 565860631
465 595032588
466 703618553
467 250355850
468 859197376
469 761579048
470 481642066
471 322180553
472 664635878
473 860694512
474 617126427
475 525283824
476 218306917
477 863915721
478 709145704
479 456185767
480 934241937
481 789460785
482 594544791
483 333358832
484 953949624
485 616572662
486 624732965
487 422140673
488 514957241
489 983258034
490 82327512
491 493169724
492 348513122
493 575825510
494 581808742
495 69506580
496 649154743
497 541281099
498 127695983
499 735627565
500 359200365
501 849024033
502 207689051
503 958270849
504 672687142
505 297077626
506 890850673
507 727635883
508 62088480
509 270274091
510 672288965
511 61661290
512 661060092
513 876317507
514 988838860
515 562426138
516 709739828
517 303516677
518 841495067
519 718195668
520 107294889
521 420743210
522 466760841
523 882632242
524 700835035
525 341331174
526 701281688
527 458114286
528 956857667
529 544499282
530 330324105
531 998057551
532 718139064
533 4641741
534 450521987
535 600953742
536 799231499
537 648832198
538 5304138
539 585528299
540 720061803
541 862810614
542 286361608
543 129952213
544 72229878
545 963350521
546 692367163
547 887261731
548 326399166
549 957083865
550 991766848
551 910180631
552 341915274
553 444491275
554 788076948
555 718822728
556 345438821
557 12372238
558 116070403
559 262606553
560 857681108
561 701317798
562 141573140
563 929597265
564 291044844
565 187186159
566 839027956
567 408768132
568 692287166
569 982392378
570 665323704
571 541521235
572 391390243
573 310151991
574 304102324
575 60197561
576 950230095
577 776860939
578 847169213
579 285018742
580 930871911
581 19081650
582 98123048
583 87521262
584 483752888
585 983403108
586 188182790
587 419055105
588 370088797
589 301322530
590 698046286
591 487039647
592 328689363
593 249018331
594 621886206
595 262591341
596 450262510
597 683648524
598 406722100
599 128658855
600 528712410
601 691879208
602 773440938
603 370017739
604 822980588
605 644923056
606 686043529
607 696754308
608 219993959
609 324536720
610 776140083
611 788997258
612 218259836
613 536665705
614 739303582
615 132228823
616 497164217
617 674517920
618 643998054
619 119432953
620 965309947
621 225438395
622 96853309
623 623403666
624 729378882
625 548226405
626 92526768
627 794302588
628 139064671
629 59972128
630 410615957
631 619853849
632 69651627
633 75871213
634 842406599
635 808042624
636 166411049
637 182721629
638 500903387
639 10061647
640 83510229
641 288994129
642 313008136
643 239116076
644 512312845
645 993210121
646 245964453
647 73057177
648 557471400
649 652595958
650 674827011
651 452314722
652 844105329
653 403167733
654 760864301
655 701866249
656 253525410
657 171604564
658 12998652
659 141946720
660 9431096
661 235539612
662 853523875
663 756366630
664 84394129
665 2911149
666 481555774
667 60470699
668 572771342
669 218611981
670 251150478
671 947825088
672 198981793
673 498939572
674 237409939
675 870499133
676 115117277
677 304814505
678 154821387
679 687783546
680 360054528
681 615809688
682 316980971
683 328673551
684 306378172
685 861898240
686 50145199
687 270927233
688 206056588
689 546357128
690 735173314
691 349777782
692 823750496
693 314586492
694 865360938
695 20299235
696 194271077
697 967767781
698 214743062
699 606020086
700 727118388
701 120862546
702 842821594
703 734223460
704 368095325
705 676891489
706 61508908
707 100761729
708 307921804
709 941486733
710 671863041
711 175154921
712 110934918
713 209464231
714 697856479
715 112566854
716 580365620
717 76113612
718 704291207
719 737974923
720 90506026
721 595140330
722 26077828
723 491758703
724 164338931
725 149489108
726 359194620
727 427166786
728 540674715
729 498338229
730 280322109
731 730437031
732 498749786
733 760880246
734 980060599
735 61732650
736 383849710
737 892146666
738 271236870
739 713186268
740 433815033
741 25235532
742 762553140
743 734798329
744 61860511
745 709579716
746 849335710
747 776295516
748 891715563
749 116233018
750 195376520
751 280014967
752 530802302
753 351062074
754 522400144
755 357381965
756 935823941
757 355798889
758 941909399
759 718472651
760 107543341
761 322804714
762 366114228
763 682438320
764 590785827
765 514220587
766 927562067
767 887991159
768 671250182
769 714364388
770 264825290
771 943178927
772 967074003
773 317508007
774 296802738
775 842162855
776 685413043
777 673622422
778 507406187
779 669462791
780 800265643
781 368526340
782 177143376
783 303979490
784 115014170
785 469981335
786 585058822
787 81845158
788 480525212
789 511588822
790 566506843
791 931949417
792 869774892
793 108318663
794 174085366
795 981354587
796 393134214
797 971976657
798 628338381
799 646270940
800 591777677
801 988553455
802 451895288
803 657242247
804 315290283
805 114590967
806 162446022
807 644357586
808 582892812
809 660901595
810 340732906
811 531530379
812 494661612
813 716536778
814 717747344
815 754460344
816 689938932
817 130685975
818 969940338
819 983784233
820 201043148
821 938088309
822 815118016
823 820127145
824 691230712
825 591342989
826 256900229
827 199370187
828 373919249
829 93701811
830 692608042
831 627171233
832 235995563
833 108860782
834 283361753
835 130500308
836 685575642
837 184241607
838 174910004
839 419617545
840 383105675
841 215533934
842 30829564
843 394170979
844 912904283
845 721868352
846 565325625
847 126235197
848 186652108
849 967046787
850 950382699
851 209413253
852 112758375
853 124119570
854 694809844
855 153563628
856 389730988
857 173281489
858 6628868
859 191334423
860 43341523
861 259889891
862 413525689
863 655039794
864 303989376
865 936613116
866 37360528
867 110545017
868 121990698
869 942091936
870 301585296
871 894406386
872 788619607
873 369705188
874 925111879
875 713577222
876 907905554
877 874131122
878 417556815
879 80932286
880 7371852
881 686740641
882 918486972
883 694693428
884 872282566
885 700565877
886 293848477
887 143164224
888 368499391
889 562472056
890 150209581
891 249800800
892 897775645
893 42337488
894 120463469
895 833608212
896 607660990
897 709260981
898 402724232
899 603847346
900 293466936
901 342607098
902 880427297
903 339392418
904 871104488
905 391783662
906 481010304
907 466647593
908 86580701
909 343919317
910 928173219
911 708851437
912 412986633
913 630153572
914 452167503
915 970694915
916 260983759
917 934233718
918 918145296
919 403224047
920 510175398
921 374470804
922 480002669
923 413573484
924 379426777
925 408536756
926 747861181
927 397175998
928 70921208
929 659701540
930 439220713
931 313306155
932 936194460
933 520537040
934 230667138
935 28702850
936 988074760
937 483415182
938 356142185
939 269782745
940 275478004
941 997453997
942 793351442
943 76203041
944 463039756
945 817816459
946 561831423
947 761824355
948 28913280
949 623134217
950 439040359
951 829937145
952 831532605
953 105827033
954 197340749
955 323124534
956 751002592
957 612242109
958 561307015
959 240013850
960 596377006
961 215083515
962 576200596
963 880848780
964 646650315
965 414864116
966 927297849
967 446794789
968 68891574
969 753178117
970 227030170
971 510982723
972 271826323
973 236702726
974 15925963
975 81066823
976 670267771
977 394181803
978 826403063
979 30720590
980 415145525
981 153678049
982 213064786
983 411622946
984 677113075
985 66149116
986 205060522
987 459714591
988 290220787
989 720335324
990 321428596
991 960929525
992 134498315
993 220028832
994 158115598
995 614840826
996 835637173
997 667956003
998 6374611
999 57092542
1000 559913600
1001 687685246
1002 481818402
1003 72993638
1004 198721342
1005 664524710
1006 28142609
1007 618521971
1008 747654783
1009 757574406
1010 898156289
1011 189238857
1012 535515537
1013 685366246
1014 351440541
1015 472080086
1016 728577670
1017 503792050
1018 257671295
1019 618701263
1020 247899195
1021 23901051
1022 373463628
1023 904322024
1024 669606541
1025 204411736
1026 161711396
1027 802564119
1028 935580222
1029 613906374
1030 953419705
1031 484681805
1032 64679612
1033 416002918
1034 435543727
1035 944896091
1036 532944901
1037 53401209
1038 919960817
1039 713377662
1040 4366449
1041 714107163
1042 569764723
1043 97674150
1044 958392180
1045 286720362
1046 243290015
1047 411387075
1048 645220280
1049 418170484
1050 489189309
1051 752107023
1052 761008632
1053 979812065
1054 562759153
1055 863656251
1056 768984121
1057 896892992
1058 875742757
1059 31312649
1060 55395398
1061 845906054
1062 489319700
1063 13704911
1064 607300261
1065 669102000
1066 502343085
1067 824595821
1068 888412190
1069 733808917
1070 597718414
1071 785985542
1072 424586051
1073 432417310
1074 863962346
1075 418348546
1076 119920718
1077 124628011
1078 590736409
1079 691103294
1080 857086101
1081 847119906
1082 885326975
1083 773709348
1084 456130979
1085 829630512
1086 646814490
1087 725964397
1088 490579381
1089 654372637
1090 622369561
1091 736173088
1092 224600753
1093 259565511
1094 227400224
1095 756542395
1096 595112948
1097 859753132
1098 866914058
1099 178195170
1100 122274741
1101 757235324
1102 566005585
1103 117203587
1104 552249146
1105 993683440
1106 474296250
1107 891154745
1108 116479620
1109 397130198
1110 535108938
1111 128189789
1112 873704111
1113 927601452
1114 290818393
1115 60968972
1116 256299976
1117 259738495
1118 477791206
1119 360296073
1120 894398473
1121 329704622
1122 768653691
1123 392509988
1124 937289705
1125 606773397
1126 214711128
1127 777054140
1128 455324544
1129 373759435
1130 168373183
1131 109494452
1132 302891520
1133 403853364
1134 984744146
1135 45234387
1136 16759519
1137 835162399
1138 416765252
1139 622852108
1140 502483558
1141 505022906
1142 835097921
1143 917024727
1144 482164454
1145 524154316
1146 600605498
1147 10825089
1148 565507821
1149 130682719
1150 73916410
1151 740807732
1152 70866239
1153 10532638
1154 305351927
1155 478014869
1156 129231688
1157 188618346
1158 496825209
1159 749013172
1160 667092046
1161 87873762
1162 862333438
1163 78272189
1164 779117461
1165 216474467
1166 289839448
1167 130515404
1168 173563389
1169 221471064
1170 350819786
1171 869578214
1172 299072257
1173 758199748
1174 684480068
1175 444284575
1176 526484217
1177 874880412
1178 564472320
1179 716838035
1180 807632088
1181 303661613
1182 27534247
1183 904638575
1184 204886701
1185 513302219
1186 968856230
1187 596217222
1188 523780718
1189 547619305
1190 64985646
1191 673484545
1192 886062790
1193 297089913
1194 559891570
1195 700812288
1196 973060116
1197 185750908
1198 591350884
1199 652630858
1200 177850982
1201 93985507
1202 489153339
1203 584297723
1204 492743054
1205 17435284
1206 396790002
1207 715918671
1208 603343361
1209 625759039
1210 203772649
1211 760287054
1212 606739175
1213 834917209
1214 507534994
1215 858316342
1216 475141596
1217 265151273
1218 879651367
1219 876104011
1220 544233168
1221 8283165
1222 301151860
1223 541913869
1224 677736243
1225 89053608
1226 269501148
1227 610787397
1228 310996403
1229 10121951
1230 183248811
1231 327870523
1232 750018093
1233 661875627
1234 259341994
1235 765523271
1236 712257994
1237 414691873
1238 135904003
1239 840700216
1240 172780671
1241 637402024
1242 523788264
1243 209333693
1244 183408098
1245 355342389
1246 662751813
1247 56593606
1248 510020740
1249 171173138
1250 351543946
1251 501492942
1252 705860272
1253 798499203
1254 2979034
1255 767876550
1256 267850103
1257 4794565
1258 943334058
1259 149342693
1260 974631886
1261 267052013
1262 11010835
1263 769327158
1264 410589712
1265 689074727
1266 324982411
1267 480024190
1268 109385219
1269 506553901
1270 480507087
1271 568095819
1272 134628411
1273 194582824
1274 498020662
1275 185029633
1276 866364116
1277 956392855
1278 734833254
1279 714264250
1280 397363974
1281 943186996
1282 893609956
1283 525372108
1284 427131968
1285 160932600
1286 202566504
1287 693119232
1288 395946530
1289 892177092
1290 364521527
1291 788408828
1292 966214325
1293 949296979
1294 628258621
1295 347509994
1296 388284708
1297 901241829
1298 126675354
1299 566631005
1300 824256936
1301 957268602
1302 136481219
1303 29066161
1304 49651665
1305 735159580
1306 457173848
1307 472785164
1308 525616986
1309 688995641
1310 793873336
1311 91166392
1312 315605951
1313 635670749
1314 899670936
1315 173280171
1316 628671990
1317 681793049
1318 186782545
1319 826378835
1320 241424259
1321 570835305
1322 836118750
1323 553323413
1324 928315582
1325 991225963
1326 595379968
1327 336827770
1328 39463357
1329 268076517
1330 613302696
1331 432047901
1332 709063718
1333 139511742
1334 77342777
1335 16234292
1336 351589924
1337 40505532
1338 709504576
1339 623329787
1340 499266322
1341 265388777
1342 929116128
1343 292799519
1344 64026888
1345 148842708
1346 507638395
1347 252235317
1348 484816984
1349 458113250
1350 877990768
1351 49350394
1352 501743189
1353 617101115
1354 999371717
1355 786783611
1356 950792345
1357 629873199
1358 726026612
1359 416943646
1360 843785149
1361 612972507
1362 755505944
1363 253218915
1364 74867146
1365 632904539
1366 81416332
1367 56919627
1368 236966255
1369 499384842
1370 801194389
1371 674624087
1372 307642940
1373 194088312
1374 832673244
1375 601451349
1376 26130697
1377 516202694
1378 777339064
1379 301751268
1380 419124391
1381 306313079
1382 587364194
1383 229208625
1384 692630605
1385 540138793
1386 518027102
1387 673504708
1388 658481894
1389 599478043
1390 670711776
1391 307607305
1392 685284533
1393 683331768
1394 843172586
1395 464660502
1396 894333725
1397 557768636
1398 351763304
1399 549799960
1400 241070372
1401 376666665
1402 790925730
1403 644238632
1404 142092220
1405 942600230
1406 552658012
1407 926414268
1408 335502663
1409 34814344
1410 535895106
1411 187741722
1412 122942285
1413 947673620
1414 547524240
1415 9404038
1416 853034820
1417 119993060
1418 154751923
1419 976216127
1420 54525725
1421 690601557
1422 715976508
1423 219203040
1424 723592944
1425 225716901
1426 137737979
1427 365335244
1428 751238771
1429 709249947
1430 785893445
1431 529465551
1432 542487957
1433 17084663
1434 422209277
1435 459091593
1436 740337513
1437 601754170
1438 735811746
1439 886268835
1440 949630969
1441 178692101
1442 905950063
1443 446466567
1444 20647397
1445 922357431
1446 334073035
1447 288439265
1448 291759692
1449 145701671
1450 492257896
1451 407955830
1452 78247035
1453 396624528
1454 381499855
1455 308192440
1456 523101967
1457 134448934
1458 49918850
1459 210334779
1460 126618487
1461 969357303
1462 766225017
1463 448449122
1464 640217651
1465 395405758
1466 131400919
1467 328074788
1468 590085430
1469 652765712
1470 606179426
1471 558722243
1472 959270659
1473 807818771
1474 694859721
1475 431556440
1476 229001803
1477 931478087
1478 172690888
1479 145313565
1480 656811336
1481 979336600
1482 571699092
1483 848009103
1484 420969343
1485 177473366
1486 657738773
1487 805190185
1488 836592235
1489 821755160
1490 924857253
1491 919339020
1492 444273280
1493 174527155
1494 144166633
1495 10302557
1496 810564549
1497 587200349
1498 265701434
1499 505434751
1500 942309462
1501 954042382
1502 55823390
1503 171021942
1504 67224265
1505 634652620
1506 360488464
1507 234380909
1508 870026780
1509 419338692
1510 102064202
1511 100712371
1512 96752793
1513 722829144
1514 609593145
1515 792035038
1516 678031719
1517 815805556
1518 809960892
1519 515627508
1520 10716767
1521 343488487
1522 391288745
1523 425548743
1524 984120466
1525 867850283
1526 223959220
1527 643598564
1528 240446539
1529 609323626
1530 874489845
1531 428547794
1532 853181634
1533 650849053
1534 554524815
1535 430842615
1536 17458632
1537 502119132
1538 55077594
1539 706185681
1540 163653153
1541 265450521
1542 654685471
1543 530800868
1544 629672759
1545 500556445
1546 73789325
1547 678448712
1548 971225614
1549 358714849
1550 449979446
1551 312672633
1552 59942435
1553 851790285
1554 132722156
1555 841237328
1556 218461722
1557 931785520
1558 719252855
1559 21392975
1560 755981419
1561 305857521
1562 102989104
1563 453796077
1564 709458628
1565 314478133
1566 392409994
1567 958095390
1568 37522652
1569 601274747
1570 936364235
1571 300177115
1572 575141762
1573 869564577
1574 351562946
1575 883192764
1576 101849008
1577 695592369
1578 782950163
1579 145617465
1580 916737774
1581 353712280
1582 261902388
1583 559610578
1584 321328238
1585 905333618
1586 92649900
1587 686478893
1588 793406833
1589 165623602
1590 322228584
1591 152214408
1592 200405267
1593 215645435
1594 692383734
1595 685411181
1596 95199004
1597 454910579
1598 174931674
1599 362796483
1600 442426948
1601 376047660
1602 437442740
1603 596452478
1604 313144493
1605 216489598
1606 599252689
1607 12008635
1608 348891374
1609 227639287
1610 461559128
1611 740351913
1612 924663199
1613 721005580
1614 479729582
1615 639126475
1616 57833458
1617 410786755
1618 685104473
1619 165143432
1620 363702839
1621 111582684
1622 402022435
1623 748065560
1624 673858903
1625 472198396
1626 632541499
1627 568747056
1628 542690837
1629 15972845
1630 60840600
1631 741167700
1632 376683633
1633 294021681
1634 43382426
1635 378483856
1636 20935396
1637 523553206
1638 452482112
1639 775953537
1640 233140419
1641 97758869
1642 572391549
1643 211916689
1644 88664388
1645 206615402
1646 935122620
1647 21053353
1648 560427405
1649 969419291
1650 12929804
1651 504519930
1652 297386028
1653 240402302
1654 864159784
1655 75878968
1656 127989881
1657 542619029
1658 730653659
1659 617538085
1660 173627420
1661 490993526
1662 819596432
1663 831788732
1664 201502365
1665 557343669
1666 496346112
1667 416201230
1668 868609457
1669 711282174
1670 473464404
1671 853318111
1672 85813502
1673 389983689
1674 949805952
1675 206557264
1676 209164133
1677 521665453
1678 590435418
1679 810302575
1680 263048490
1681 823671964
1682 580227636
1683 129725979
1684 187687215
1685 717774155
1686 978041701
1687 186694942
1688 94088040
1689 878212782
1690 489498160
1691 66836762
1692 436070708
1693 929159643
1694 115011640
1695 488875570
1696 863579153
1697 150279152
1698 69866386
1699 137517298
1700 668794903
1701 593771068
1702 817897521
1703 30673129
1704 85494672
1705 641285160
1706 595400504
1707 534457268
1708 705826839
1709 938553425
1710 98586535
1711 113782054
1712 176044147
1713 32779678
1714 852623255
1715 63447215
1716 710499475
1717 216233543
1718 287186157
1719 265227440
1720 683549756
1721 667376095
1722 18074267
1723 573218342
1724 653350979
1725 236148762
1726 475520883
1727 663218375
1728 24591155
1729 651253686
1730 32568568
1731 438463960
1732 314174539
1733 552956931
1734 697725813
1735 262482640
1736 115000884
1737 667519122
1738 873282376
1739 131276016
1740 267500361
1741 277876944
1742 183274017
1743 823629263
1744 374832438
1745 599182310
1746 752125077
1747 146019281
1748 375365747
1749 908034826
1750 998692375
1751 52423787
1752 836522292
1753 44010652
1754 526402182
1755 673885147
1756 494019558
1757 742463300
1758 319672069
1759 995212746
1760 88442698
1761 464932373
1762 613063896
1763 705117827
1764 95889304
1765 166558332
1766 503501904
1767 757107245
1768 231696356
1769 615604412
1770 144502119
1771 564188156
1772 4682815
1773 214291958
1774 351211883
1775 265132543
1776 585254561
1777 474067783
1778 277958271
1779 693771666
1780 700735939
1781 861871120
1782 432609776
1783 655902819
1784 13436572
1785 273299061
1786 978456422
1787 237576277
1788 967628367
1789 467248163
1790 889129686
1791 12481219
1792 155997210
1793 933883249
1794 897011572
1795 453205186
1796 546921859
1797 24953177
1798 295556474
1799 326278231
1800 801582123
1801 761963446
1802 861189103
1803 302804261
1804 384642468
1805 932108506
1806 267690242
1807 763280476
1808 372614436
1809 508116868
1810 867679107
1811 124520355
1812 993362691
1813 367531525
1814 536289680
1815 945009595
1816 646794362
1817 743435467
1818 412202583
1819 214887637
1820 521431692
1821 492791692
1822 583548942
1823 603151683
1824 277864760
1825 386132899
1826 580462813
1827 69024422
1828 640295719
1829 953707077
1830 972032486
1831 937051245
1832 153231128
1833 642984447
1834 680025508
1835 312803604
1836 623870028
1837 278333346
1838 367677848
1839 705854928
1840 575118623
1841 272973937
1842 45513575
1843 283678338
1844 2146510
1845 535763652
1846 149230359
1847 996860474
1848 860206031
1849 54950218
1850 250987924
1851 599929406
1852 105139930
1853 602045844
1854 363309238
1855 627747442
1856 533569766
1857 537142406
1858 870674469
1859 453705712
1860 867761399
1861 687848029
1862 608142379
1863 646108682
1864 182059514
1865 300341916
1866 109501876
1867 367900547
1868 406514906
1869 308273930
1870 659643170
1871 537789788
1872 276232272
1873 514333215
1874 861755400
1875 180643226
1876 218491929
1877 977111281
1878 88264623
1879 519354413
1880 998461399
1881 657808467
1882 291796372
1883 457417827
1884 249425823
1885 920137834
1886 259151157
1887 291783284
1888 13096476
1889 689275552
1890 369418555
1891 413732753
1892 87594855
1893 352096037
1894 513307330
1895 368848585
1896 567142870
1897 618833019
1898 553965337
1899 961718271
1900 428750089
1901 770362779
1902 97123048
1903 396454647
1904 791239165
1905 954762425
1906 504290189
1907 204464365
1908 493338166
1909 840250472
1910 325714904
1911 449130629
1912 374072503
1913 492951790
1914 12435945
1915 165787346
1916 780277514
1917 210799105
1918 987813823
1919 480883799
1920 931967997
1921 917994295
1922 180718456
1923 129988033
1924 322280545
1925 499530861
1926 870036469
1927 218646133
1928 452868023
1929 217066036
1930 210170093
1931 287973412
1932 80845526
1933 992401093
1934 516288998
1935 59438018
1936 455073766
1937 677814845
1938 438823004
1939 961364385
1940 825864367
1941 504339838
1942 742347514
1943 895540278
1944 959018070
1945 436466583
1946 48142847
1947 5808833
1948 146348147
1949 702400870
1950 700302619
1951 358920943
1952 369082893
1953 887863399
1954 683263491
1955 553380867
1956 233058911
1957 932461275
1958 598135927
1959 248437535
1960 956513433
1961 739172825
1962 166307466
1963 843418303
1964 60055611
1965 836564861
1966 233057391
1967 690725997
1968 719324655
1969 940190602
1970 425361620
1971 513679975
1972 672040358
1973 474301958
1974 835345999
1975 839738053
1976 568856701
1977 807380446
1978 92906621
1979 146000469
1980 870924766
1981 642535907
1982 888290688
1983 938434931
1984 584485470
1985 642644684
1986 274655202
1987 269542302
1988 281550925
1989 179114812
1990 628743414
1991 228003522
1992 697988388
1993 634602294
1994 358672688
1995 348360873
1996 753522123
1997 663932133
1998 174489119
1999 686899971
