2000 5
1 143517377
2 18015225
2 809194652
2 628082475
3 998604501
3 608365620
3 627605866
3 945685996
3 540128307
4 996398113
4 626332411
4 740029255
4 160944963
4 589670187
4 128836106
4 328878994
5 283854732
5 285899443
5 752897242
5 352651944
5 594521474
5 22492591
5 341440073
5 937832609
5 19307009
6 391170187
6 761578683
6 744035411
6 214309311
6 692324047
6 538347527
6 763269913
6 53879395
6 184747758
6 419332155
6 446665972
7 20553161
7 72426007
7 267277200
7 459369994
7 843996558
7 6291877
7 482147423
7 616042426
7 248364839
7 12342483
7 420924976
7 18406290
7 236216202
8 863673117
8 728957822
8 111307373
8 917780372
8 33531669
8 307232260
8 818785773
8 91673976
8 211039395
8 195857718
8 126877440
8 177368274
8 277139456
8 215706688
8 406787780
9 952583070
9 229433640
9 868496519
9 17637288
9 869785251
9 824618896
9 210573665
9 708497945
9 862094033
9 676800594
9 192738145
9 330084132
9 859600837
9 589485522
9 803777941
9 930706862
9 918790369
10 998048625
10 943812133
10 889361808
10 944108671
10 246087928
10 640244662
10 768533693
10 658986259
10 663803586
10 103003068
10 347795758
10 720242553
10 417408770
10 610407061
10 925018095
10 455328926
10 438704995
10 887358062
10 172575548
11 764566153
11 845928400
11 383871315
11 515219894
11 647784923
11 972362772
11 921647034
11 639926261
11 738085244
11 308242483
11 859031251
11 635543264
11 259160916
11 739625304
11 904978079
11 513737027
11 44544938
11 44097661
11 951611179
11 12311276
11 872358519
12 470653922
12 52970006
12 72495393
12 442806926
12 349585272
12 388892148
12 936706846
12 743275490
12 918516753
12 320303850
12 186672611
12 241094161
12 695119972
12 156335118
12 588861144
12 131568342
12 10263089
12 728310731
12 556385280
12 4419459
12 948969073
12 191505524
12 533667982
13 951992045
13 176467316
13 547536847
13 852524210
13 448657816
13 20383913
13 12155391
13 976634054
13 316688286
13 305028158
13 618050386
13 752721469
13 397145471
13 798489787
13 878925363
13 993876307
13 146093508
13 754050542
13 508430594
13 209088998
13 602779467
13 710774964
13 551418998
13 315295062
13 8349337
14 36855557
14 633175444
14 717733212
14 665681158
14 5753437
14 926755225
14 969060137
14 263301108
14 166106406
14 772670029
14 982412355
14 946751584
14 270367384
14 903682542
14 216951007
14 598213187
14 413206874
14 787393773
14 673423215
14 306454406
14 529566010
14 106627066
14 946988321
14 766701070
14 36564787
14 219859885
14 720151522
15 203858079
15 139004781
15 159886897
15 795399129
15 458593224
15 246527917
15 78250238
15 354254887
15 69537922
15 989736371
15 550400823
15 967247956
15 212848650
15 698256974
15 476140425
15 120602437
15 280051955
15 796912167
15 646222822
15 510990681
15 462069959
15 111616974
15 133376677
15 161379915
15 641130102
15 297025360
15 455817631
15 937096510
15 677074488
16 37714375
16 323495227
16 458916173
16 976954479
16 685886136
16 411429135
16 127008157
16 165110502
16 103698941
16 954956369
16 575065795
16 759328543
16 787201640
16 106056263
16 186323434
16 110948752
16 271735223
16 580312732
16 976759727
16 566591468
16 495105154
16 631229615
16 159664974
16 205088820
16 241522953
16 779243809
16 535913906
16 252843656
16 939461380
16 27526769
16 995033
17 948394107
17 714988788
17 387555520
17 65341239
17 90398062
17 566891545
17 543116864
17 245305646
17 512799229
17 986568394
17 765961710
17 936568121
17 310285494
17 737354677
17 71024003
17 290871738
17 146269744
17 105713235
17 361804803
17 772069489
17 672748166
17 340418153
17 695702664
17 43600778
17 157293975
17 924031639
17 864647748
17 658607739
17 266105005
17 88912270
17 589197573
17 298221779
17 358506110
18 282584562
18 693971734
18 214772768
18 609079463
18 537912604
18 308588838
18 94333605
18 845415401
18 693186654
18 836650821
18 881181182
18 327670930
18 78006036
18 43474713
18 663451960
18 378833908
18 142935581
18 64105264
18 453269097
18 233720303
18 862287947
18 790237286
18 435694693
18 67192986
18 231918673
18 34702171
18 699493284
18 666213561
18 694736249
18 54400278
18 15377570
18 933719248
18 403680602
18 643990185
18 757776235
19 271519843
19 383164069
19 531785725
19 527048634
19 287833047
19 90310989
19 334356265
19 955396781
19 435363334
19 903145645
19 120032201
19 419719540
19 125578513
19 878412969
19 603158645
19 186512013
19 813064310
19 613281497
19 629117939
19 407593776
19 306505518
19 570930725
19 785317093
19 755743090
19 269105994
19 147394224
19 658029405
19 874584028
19 227554112
19 788364056
19 956189951
19 513982361
19 197302731
19 402396472
19 166537561
19 334228627
19 979089368
20 762078301
20 65108517
20 73746783
20 236727469
20 867230664
20 564305992
20 713593175
20 146285720
20 985156582
20 37379865
20 967049532
20 356508576
20 24784848
20 478571867
20 439559001
20 720951523
20 545445326
20 283582252
20 369467702
20 493830767
20 503154711
20 947216865
20 263795867
20 152852427
20 299215661
20 750065434
20 563831371
20 428389172
20 451468746
20 310718743
20 444150880
20 825670626
20 96431808
20 654089338
20 625963504
20 593513587
20 630657240
20 65174980
20 890749024
21 895398391
21 193226983
21 959624969
21 395001015
21 51417817
21 471209231
21 243981499
21 979310183
21 517190605
21 777343510
21 548100557
21 984733388
21 493617967
21 791497254
21 984034096
21 168836809
21 297340791
21 751475296
21 730079580
21 816425716
21 231590450
21 194709855
21 280251259
21 692894385
21 264827143
21 210565562
21 697465281
21 598344157
21 633302888
21 149779801
21 621552061
21 236492530
21 169725402
21 878653991
21 543175994
21 823711803
21 472578526
21 628021416
21 198924952
21 318900145
21 389930390
22 481357085
22 213486495
22 437854455
22 536483961
22 286844417
22 286049908
22 732424399
22 562358175
22 539136127
22 946322575
22 559427154
22 86763135
22 684619159
22 880960930
22 987655049
22 298862290
22 539692579
22 693546131
22 929754608
22 391896634
22 642891612
22 519664680
22 161384179
22 649666858
22 260726539
22 76766404
22 425836002
22 455175951
22 442770617
22 205682080
22 738839493
22 77084131
22 763432463
22 558786979
22 336127322
22 297974862
22 243774588
22 794181637
22 444358739
22 155947375
22 232870492
22 269329194
22 252902577
23 436161678
23 789442481
23 330216474
23 284422157
23 230490897
23 628744116
23 264044183
23 37952926
23 963816317
23 843429603
23 120916884
23 902987385
23 431793100
23 221136981
23 171788023
23 263862313
23 152534847
23 858415077
23 849685664
23 126817961
23 95460776
23 633648347
23 663849655
23 142260570
23 646730285
23 624943313
23 987564262
23 271834787
23 751639748
23 473134766
23 818955751
23 263293407
23 857157353
23 168973684
23 681601493
23 469838923
23 102990508
23 665704420
23 638352798
23 969122131
23 863689672
23 528384514
23 535316510
23 582431924
23 916295632
24 588412501
24 219032796
24 23511908
24 776254380
24 737773459
24 494574073
24 306353081
24 55937096
24 350703493
24 939633617
24 74520977
24 186521755
24 505417496
24 506530584
24 720568766
24 26260465
24 655688364
24 517029524
24 178221811
24 765015350
24 20371702
24 699978031
24 459083384
24 135937770
24 845049041
24 256914520
24 614810675
24 277884778
24 535751586
24 902369218
24 191791476
24 334459816
24 151344359
24 959841214
24 900643518
24 796551993
24 222458361
24 623565041
24 70231677
24 836718165
24 430179665
24 321843758
24 291845921
24 548784478
24 163635073
24 686883410
24 117474624
25 53112657
25 64232503
25 60487939
25 240838072
25 116335150
25 367124937
25 78784392
25 275342068
25 875047129
25 748715418
25 389244874
25 193246942
25 348063991
25 339967788
25 183806967
25 227069014
25 543839760
25 781745673
25 219164253
25 929240623
25 889320898
25 293837810
25 742595735
25 758001901
25 231194408
25 477830047
25 183350330
25 734324686
25 648574519
25 965230395
25 744402151
25 316706848
25 637091423
25 676133649
25 340282760
25 733601001
25 516786720
25 187428705
25 448843936
25 457073966
25 623252482
25 926224827
25 710247063
25 112099297
25 657217438
25 474321612
25 343799700
25 237552353
25 436429738
26 788971881
26 527970229
26 420533500
26 938860826
26 94702724
26 399224241
26 219988945
26 797826629
26 36168572
26 325583619
26 41300144
26 539530155
26 827696435
26 996403767
26 475368917
26 616043497
26 372894354
26 810620488
26 942895163
26 99765318
26 634175446
26 683256027
26 215767857
26 659520071
26 469486324
26 986306794
26 951228875
26 983850265
26 954477714
26 643573696
26 790129717
26 392296267
26 406620008
26 312044497
26 33736750
26 12440514
26 435246592
26 154743835
26 621231763
26 378940737
26 791009283
26 978095048
26 50307271
26 536083823
26 634028450
26 243862483
26 225054919
26 485742252
26 543185454
26 691634502
26 54010626
27 132237820
27 370254747
27 39950061
27 985357825
27 831603770
27 914939412
27 173018954
27 35588650
27 13106062
27 862108763
27 720489327
27 424959127
27 102921268
27 520300088
27 823327794
27 366632351
27 685500750
27 201874485
27 639898928
27 506181125
27 891399624
27 31263906
27 89573880
27 434623309
27 160699510
27 641501206
27 956607850
27 516983789
27 655575011
27 800736495
27 974232388
27 415382223
27 362676085
27 457213381
27 364539333
27 428519569
27 917461100
27 53660540
27 105937164
27 44725281
27 759623942
27 639357760
27 25262531
27 803856293
27 628281341
27 643135084
27 231813350
27 381390784
27 440246464
27 541162025
27 605734572
27 427873476
27 135258864
28 348513211
28 788280589
28 681245889
28 533546996
28 679532175
28 489539489
28 263271067
28 865692306
28 162886731
28 567786271
28 166558577
28 180474979
28 515340895
28 901996467
28 884952001
28 24175152
28 566495059
28 657965183
28 74027250
28 242299075
28 751205124
28 578570291
28 859345787
28 418255616
28 71793255
28 487911038
28 903329627
28 239693146
28 507746714
28 932736906
28 450651002
28 63478214
28 27378805
28 548627777
28 566769566
28 660378881
28 719229232
28 884813160
28 532012245
28 281924714
28 141726513
28 350652489
28 548113710
28 493704023
28 501434677
28 600641206
28 478355902
28 807219060
28 796897676
28 190572565
28 723717898
28 721712710
28 329428542
28 657115457
28 675586639
29 646476803
29 507356063
29 206970317
29 115257300
29 479379054
29 294410829
29 695646857
29 340861902
29 489443382
29 611800832
29 826827988
29 371118085
29 651673310
29 753464473
29 42383154
29 617718630
29 138473633
29 222721884
29 594633684
29 50576470
29 400176332
29 929453435
29 748149834
29 790708609
29 546454048
29 907024799
29 24348894
29 482124281
29 550558726
29 517632256
29 840544785
29 527431696
29 637149719
29 501211514
29 632778305
29 452784453
29 395055078
29 212657672
29 822651471
29 729392394
29 384634097
29 576412864
29 402237481
29 421943529
29 338061428
29 675353409
29 429912319
29 102655459
29 731242616
29 941440187
29 983366928
29 489491149
29 249272586
29 440004932
29 639936028
29 57287387
29 498687567
30 55985675
30 314700630
30 870555176
30 351408917
30 972152211
30 942125797
30 682617985
30 79149475
30 555864837
30 444250645
30 744035690
30 507880527
30 958254183
30 542306465
30 527456928
30 885316338
30 486957337
30 68889008
30 124286257
30 392567503
30 14822493
30 133561596
30 438477103
30 47015517
30 426917525
30 133236822
30 610084674
30 464922557
30 901698199
30 293895523
30 997088035
30 789599024
30 2814615
30 623087688
30 107573030
30 83371603
30 73340104
30 515633911
30 422178953
30 498512365
30 206438758
30 91728951
30 501062174
30 415124988
30 597365083
30 522218742
30 789959742
30 659184585
30 981043515
30 340325510
30 58094186
30 56479779
30 435431065
30 194649093
30 2910444
30 245136915
30 234223925
30 722658602
30 190283807
31 455968069
31 796558939
31 745084434
31 916023793
31 517906126
31 543326545
31 756357407
31 479413487
31 256671372
31 592373507
31 938845053
31 566766231
31 288913303
31 517585400
31 92020753
31 916498654
31 575100592
31 122408053
31 426412334
31 850281988
31 368694983
31 61856573
31 242718388
31 53555070
31 685620214
31 253803661
31 803042747
31 612867476
31 397585228
31 261081747
31 367623252
31 807055975
31 959653340
31 440683021
31 575940013
31 172950884
31 674344037
31 223081028
31 794170473
31 534527188
31 405169959
31 96373270
31 196742963
31 934180713
31 211210132
31 285190992
31 688072386
31 118613180
31 601108492
31 474550759
31 828469406
31 865402328
31 106681788
31 968020601
31 508501860
31 316572362
31 872768126
31 752379635
31 878431417
31 216735601
31 375612236
32 363747211
32 585075643
32 187366660
32 546125669
32 282510344
32 206755824
32 596481835
32 651242404
32 327357950
32 610093928
32 955889170
32 1323961
32 177191655
32 785170829
32 4517684
32 986350651
32 53796572
32 705535363
32 900501835
32 166123988
32 768235846
32 584372292
32 913869592
32 182162810
32 744531020
32 530261711
32 15748413
32 251631181
32 767819675
32 281913086
32 729510949
32 447213077
32 932537592
32 802204888
32 412993813
32 842172930
32 685004749
32 103430215
32 448669547
32 143760559
32 377889488
32 512235344
32 497839428
32 532152919
32 694856110
32 927377665
32 460212899
32 947281088
32 313647977
32 290722931
32 988651076
32 521832943
32 801575468
32 759157123
32 425797078
32 85774147
32 88892341
32 236580269
32 209344059
32 213858363
32 49879345
32 392611224
32 172871711
33 486689637
33 669386381
33 619444496
33 515645694
33 533834378
33 893049285
33 652769752
33 837165889
33 898546864
33 306908107
33 980567885
33 913825707
33 409542301
33 643319066
33 71807682
33 611653809
33 281000859
33 923978798
33 975002183
33 505121745
33 915870984
33 645720933
33 493691014
33 280863386
33 649278155
33 936014786
33 608354742
33 155941641
33 307600270
33 181597361
33 227438522
33 219998903
33 691421827
33 706729550
33 86773450
33 405003516
33 239737448
33 819829282
33 702019454
33 821960473
33 94465098
33 22852734
33 630488346
33 763730151
33 894750572
33 102685998
33 233534029
33 965182222
33 261519567
33 789099981
33 647601596
33 936489393
33 893724710
33 551358441
33 312982948
33 726655792
33 775695615
33 604425642
33 453056685
33 531717144
33 286303834
33 30445172
33 593232061
33 699139606
33 353860556
34 684682743
34 994672936
34 574734267
34 812879022
34 442488564
34 660610904
34 610404036
34 252475867
34 105377139
34 521429688
34 894732227
34 487300211
34 17372096
34 431931841
34 275002994
34 657816719
34 705260828
34 467638978
34 527054086
34 79912385
34 224012752
34 606169212
34 237137190
34 571308713
34 103942551
34 570649656
34 870165549
34 995621711
34 954144878
34 925965536
34 512130253
34 712044244
34 95920632
34 302340006
34 297544064
34 712072337
34 782345880
34 296942149
34 553955405
34 431839088
34 375710839
34 705698932
34 714585762
34 190576004
34 900390123
34 930526479
34 756554675
34 708645897
34 719400792
34 505598829
34 358224130
34 779507169
34 242645425
34 976321656
34 596894433
34 522673083
34 411398763
34 288766361
34 659620109
34 776839009
34 984356523
34 428468645
34 944126519
34 716937066
34 611697474
34 981312854
34 368457019
35 838229444
35 945919106
35 918861054
35 117211776
35 799355745
35 692801407
35 532434955
35 58822033
35 717095321
35 983854875
35 619684762
35 189225036
35 28153025
35 432199825
35 60770967
35 368474923
35 648874410
35 67947769
35 356491646
35 100696498
35 761914443
35 142257914
35 319243240
35 810482701
35 515907895
35 240321755
35 873276433
35 342592699
35 610800252
35 145271789
35 449242364
35 926166062
35 804222616
35 450464225
35 534838264
35 395164493
35 115882950
35 717508746
35 611166532
35 247794765
35 370642825
35 278354643
35 786281483
35 479670824
35 336520090
35 171854699
35 339090782
35 405227675
35 965413127
35 548080632
35 645147970
35 674105711
35 78738832
35 42571331
35 109225300
35 29063279
35 262654800
35 577598355
35 196538018
35 192180621
35 17454205
35 500850794
35 112992207
35 371526234
35 218498256
35 901058045
35 808005889
35 824528079
35 466346166
36 639321617
36 963857553
36 74087646
36 44618169
36 227436
36 901801326
36 695559098
36 84580313
36 72039413
36 218360896
36 9505703
36 40140477
36 945162885
36 789637656
36 806476771
36 655007814
36 297102902
36 103562952
36 870541663
36 21662191
36 135449126
36 792337
36 968933461
36 465216411
36 400200614
36 281901579
36 244338915
36 351039535
36 919584381
36 821229244
36 769970207
36 46327871
36 885570099
36 508973864
36 582335992
36 837159994
36 584808509
36 124994660
36 974661112
36 147195827
36 871978983
36 363210251
36 693806251
36 178501744
36 54671037
36 772476143
36 611451676
36 178334216
36 541795187
36 625283547
36 181781179
36 672000963
36 31700357
36 209444764
36 417404318
36 131389407
36 135793864
36 831089734
36 137190383
36 799089132
36 227679032
36 437007796
36 239643886
36 90144479
36 82993104
36 398052388
36 964809804
36 85856499
36 34971342
36 661266938
36 212819524
37 319262108
37 40533773
37 963262355
37 846509636
37 696853586
37 447708190
37 541992358
37 713383236
37 346432903
37 650933905
37 92315861
37 379831968
37 14910296
37 905475984
37 919491956
37 211478252
37 761751501
37 971122401
37 625918067
37 337385050
37 854393000
37 299395792
37 15971397
37 656392913
37 163951438
37 623896128
37 873018918
37 106384445
37 577458770
37 727001010
37 546337577
37 547274
37 589682583
37 530600945
37 842988054
37 37707645
37 970867149
37 166825621
37 446401922
37 419176542
37 293879343
37 630312765
37 999095557
37 489333945
37 574680358
37 238805089
37 535038084
37 573033659
37 9634051
37 116317188
37 254720417
37 532958287
37 721591662
37 498681657
37 896985668
37 347290959
37 564453454
37 245609928
37 556633306
37 369228730
37 578388189
37 303848970
37 641687871
37 274180329
37 475699431
37 423256015
37 121590121
37 33604506
37 682235753
37 254372959
37 495782406
37 534835135
37 303834545
38 302360863
38 271661460
38 384205639
38 692004505
38 314076224
38 532878137
38 254785014
38 170436710
38 501260427
38 941162659
38 408937306
38 331892268
38 138356679
38 258251352
38 623326935
38 869710838
38 264866522
38 281850683
38 78110871
38 762995085
38 327739106
38 86438120
38 658338819
38 587632332
38 245035461
38 632239093
38 222549707
38 724474879
38 55998304
38 118618824
38 385841458
38 529742735
38 236573565
38 553565954
38 272378619
38 66709152
38 415892044
38 240930551
38 80660591
38 622741789
38 544734411
38 618515795
38 251768474
38 221271827
38 865980959
38 233468218
38 918994968
38 15377436
38 276559140
38 935838344
38 60474539
38 220792491
38 819242077
38 34642709
38 227523180
38 755835100
38 860470072
38 820588600
38 67460966
38 513921132
38 721493408
38 594761990
38 39113711
38 652074477
38 209098379
38 615953080
38 480393821
38 68241195
38 55985922
38 894133069
38 361984287
38 806989942
38 567371922
38 459455133
38 457985079
39 652629181
39 432521936
39 358214260
39 728925062
39 453637099
39 47478583
39 694747647
39 924822222
39 399130564
39 232353641
39 208752746
39 852778447
39 138793502
39 171927966
39 146267246
39 10445089
39 52127733
39 102883107
39 945267671
39 664025950
39 995673991
39 768321195
39 491556335
39 943693869
39 945712961
39 326537603
39 818737632
39 447190981
39 495611443
39 699176883
39 461532727
39 512337168
39 668751086
39 788360409
39 427956769
39 531241031
39 662780690
39 31000857
39 494028375
39 6201973
39 566168111
39 472608627
39 535325636
39 336992921
39 912511484
39 104423985
39 386804631
39 856698320
39 578406289
39 840550355
39 729296424
39 118757999
39 610983465
39 91456535
39 101460407
39 119830148
39 627641859
39 217817426
39 418328887
39 815084496
39 113244663
39 901056443
39 590184792
39 550989549
39 924603209
39 100349603
39 285522764
39 87681061
39 324789660
39 748721025
39 645761051
39 197259312
39 721415459
39 213702056
39 177527327
39 936776899
39 406565563
40 402365305
40 688722532
40 273264929
40 825152483
40 971013095
40 842128297
40 274501094
40 165848860
40 997013677
40 287513467
40 119044970
40 696692783
40 395531599
40 17931021
40 597047956
40 200249135
40 918013979
40 622356979
40 243652202
40 523612578
40 516039437
40 632986125
40 823596569
40 765487295
40 996660930
40 942960
40 898830279
40 123448844
40 467820071
40 945751952
40 534124225
40 627134504
40 600396624
40 221861616
40 537330639
40 140569569
40 459929174
40 3131171
40 122316598
40 283993887
40 519932223
40 614303335
40 590425231
40 931264928
40 333490944
40 75567779
40 762577792
40 645330905
40 52289402
40 3430565
40 992385212
40 563877357
40 531136275
40 160229250
40 630414220
40 104165701
40 904430764
40 234135563
40 99385118
40 974460182
40 340734633
40 891650497
40 951368438
40 706668123
40 782879738
40 152188970
40 965555437
40 707631191
40 722280094
40 475491803
40 134156108
40 842688074
40 164033704
40 37628288
40 13255045
40 377136779
40 856556765
40 777074356
40 802716151
41 6000892
41 494034445
41 9088685
41 522965035
41 154741856
41 246759185
41 490123846
41 544805237
41 49272236
41 473218541
41 125954945
41 404356579
41 966166990
41 763356506
41 271870562
41 698814702
41 463731420
41 85460158
41 890262538
41 67777677
41 606236972
41 464307405
41 378969727
41 38390002
41 717083011
41 523281085
41 922705280
41 970412742
41 340615731
41 393062452
41 308225304
41 878770434
41 230000900
41 274293957
41 311929957
41 416374354
41 842801872
41 783023625
41 289348629
41 49257540
41 315047210
41 441118300
41 875675811
41 497692433
41 545410676
41 568850665
41 317751050
41 261739380
41 728237612
41 398661716
41 460591452
41 709336188
41 723695430
41 281980124
41 36377352
41 134252027
41 861196784
41 496964313
41 95652741
41 633556859
41 579935933
41 144056816
41 297182263
41 975475860
41 897478314
41 24393711
41 908032157
41 211367690
41 130821155
41 361083262
41 323561930
41 138036802
41 232686414
41 14952950
41 124665948
41 272769281
41 625971426
41 556422615
41 917155664
41 590320720
41 394324262
42 104755738
42 353999257
42 361676960
42 369999691
42 595207173
42 765825054
42 712735830
42 425049592
42 243193164
42 331428947
42 672130078
42 870146956
42 750897425
42 994345823
42 211388629
42 780738476
42 933576443
42 163057035
42 866083893
42 590573927
42 228364585
42 61251385
42 253817105
42 351502725
42 772416928
42 422257551
42 354061384
42 425002388
42 845205558
42 716400935
42 414143412
42 496742947
42 818170114
42 974816318
42 315030521
42 496790310
42 743511749
42 231404418
42 357075346
42 822135565
42 356816749
42 884354432
42 660261558
42 401434223
42 828435422
42 922177412
42 618797541
42 510449003
42 93217920
42 259774375
42 87508014
42 851491493
42 588244552
42 499133697
42 326136999
42 865564730
42 167905950
42 737079178
42 776040089
42 751718102
42 872852268
42 304431184
42 105380244
42 374630356
42 264961600
42 774697713
42 228640650
42 45620269
42 178848180
42 714924538
42 589634428
42 303199304
42 860182403
42 359062351
42 866018001
42 265724020
42 996550349
42 543851826
42 965316498
42 435465761
42 984732844
42 962712146
42 124413978
43 160836213
43 120326100
43 972926899
43 841323816
43 947847617
43 250587356
43 236089897
43 187053288
43 4599155
43 404099709
43 181001305
43 449486000
43 415664627
43 986861998
43 450972289
43 988809725
43 867295776
43 441523437
43 231744260
43 218511163
43 322426563
43 491498581
43 710751044
43 409462639
43 827950503
43 385829968
43 728555218
43 874887343
43 306781139
43 671878321
43 83876082
43 419298740
43 492100984
43 176674927
43 429630002
43 779815797
43 633061151
43 174884586
43 621148400
43 827846873
43 381796960
43 410059631
43 724168096
43 715753273
43 584229511
43 856357396
43 190903943
43 392421096
43 517021147
43 873071211
43 530363283
43 339059520
43 572544635
43 552539046
43 235887254
43 351528317
43 69154430
43 452421456
43 184835057
43 718798141
43 962587166
43 380484227
43 137408032
43 78852665
43 533444153
43 846357235
43 432128632
43 239206530
43 40905591
43 461906601
43 69269193
43 297422186
43 495777982
43 734788801
43 997250990
43 211774321
43 801177638
43 522581517
43 676658887
43 788752389
43 187703795
43 901556498
43 784224786
43 63054088
43 447915620
44 929995054
44 641884467
44 280337430
44 796528111
44 575987262
44 424008244
44 330823751
44 353315005
44 953536069
44 302964082
44 972773572
44 989922361
44 787735023
44 638848830
44 965704818
44 203917847
44 81671412
44 735096681
44 895950557
44 279875161
44 652558891
44 817908891
44 505457890
44 992955073
44 608605582
44 638046842
44 578473973
44 481825458
44 330420067
44 628572571
44 630655118
44 705934278
44 463688345
44 516845735
44 266781345
44 507474527
44 183036213
44 147387145
44 787800719
44 843686084
44 62337291
44 24487919
44 126405025
44 281612906
44 960770500
44 485438825
44 898895446
44 230611088
44 848280736
44 138041238
44 657641460
44 390931429
44 825190854
44 80926803
44 376043859
44 867917382
44 736160
44 42012207
44 104305622
44 801388103
44 554357268
44 160282025
44 315239268
44 990237614
44 46658569
44 256187323
44 814781830
44 382968653
44 423614615
44 361600289
44 161582309
44 980501906
44 339119865
44 913924237
44 35330858
44 94689947
44 970972294
44 291623464
44 445497805
44 884477542
44 137750456
44 678717495
44 638223651
44 308781330
44 51803432
44 57968672
44 165633971
45 158384387
45 483375446
45 926829927
45 606204338
45 755392096
45 115624782
45 519431071
45 318229439
45 22372577
45 61898901
45 201051354
45 190121427
45 9013452
45 322142353
45 949890726
45 967831643
45 545400244
45 666038669
45 304319743
45 547265696
45 231459448
45 774194871
45 864150740
45 618264401
45 987113577
45 149891628
45 85745136
45 602942361
45 186677577
45 508053786
45 945905532
45 42917727
45 65626065
45 415562436
45 489559564
45 264385174
45 642058145
45 463730099
45 515428601
45 162274600
45 562124485
45 782517062
45 412565280
45 407519344
45 355585420
45 638176317
45 709604641
45 766064144
45 128811590
45 229949991
45 42641595
45 844416143
45 83151729
45 605864596
45 502512294
45 682990425
45 75054579
45 478459679
45 462457037
45 299173062
45 19746874
45 99333204
45 917724986
