2000 100
1 2724032
1 626409509
1 155401186
1 799331277
1 414231332
1 422393876
1 299490218
1 840435167
1 932588646
1 906359862
1 452930228
1 135720154
1 651257862
1 442430977
1 337201082
1 281999704
1 932543422
1 259324053
1 840460858
1 420169302
1 781200589
1 377569527
1 852717635
1 322817053
1 294731062
1 737916831
1 218005057
1 204290877
1 171711902
1 995831852
1 92802477
1 944025042
1 561507034
1 833866455
1 373443392
1 702190638
1 149803503
1 484976388
1 658621674
1 136861068
1 911448854
1 435431295
1 724256552
1 410295432
1 616529773
1 646095611
1 2113617
1 501096883
1 945947316
1 529775716
1 501126125
1 592588434
1 977134197
1 367455528
1 750918230
1 137422592
1 468509697
1 205619052
1 164682470
1 249091856
1 474354098
1 401527329
1 11831367
1 763870121
1 430701379
1 964120949
1 746178679
1 818122640
1 124388810
1 17005943
1 431093009
1 338250876
1 996566074
1 345782806
1 776279576
1 20528798
1 157855839
1 582308741
1 110272040
1 505747512
1 580758557
1 152062738
1 235043535
1 679286735
1 143716443
1 560073101
1 237160099
1 949588531
1 6966627
1 98952245
1 885690586
1 705136778
1 328572399
1 442599615
1 542484422
1 982987963
1 871121096
1 75903097
1 348021181
1 676170233
1 747644477
1 279702274
1 472628965
1 810284342
1 104565875
1 276008829
1 192918890
1 45506028
1 736793332
1 467284188
1 465098710
1 596944907
1 927899047
1 835932916
1 147242217
1 358846335
1 737850068
1 648985129
1 923275690
1 592748530
1 935775940
1 619152914
1 969735585
1 667905477
1 824377519
1 718871505
1 539529433
1 272598866
1 445583064
1 40971782
1 111441541
1 438647627
1 5582878
1 763946058
1 244594210
1 116311925
1 535304791
1 494361765
1 118248567
1 901640548
1 279708602
1 891200571
1 58968457
1 292354747
1 696569017
1 421418560
1 924064703
1 339719225
1 595360924
1 318922949
1 840425412
1 576058880
1 653081092
1 259967304
1 809082217
1 312428239
1 918491220
1 767903237
1 601860248
1 173260336
1 366431640
1 810181662
1 988002789
1 924741824
1 946106334
1 809924855
1 629824805
1 419615255
1 987313326
1 81129167
1 669856305
1 587313480
1 304205030
1 908325
1 948404925
1 866224068
1 714467463
1 379634557
1 855711085
1 402355955
1 665707764
1 723160813
1 765556934
1 840267868
1 793356980
1 893457646
1 926554613
1 511508453
1 998676302
1 694459454
1 394453059
1 307105711
1 843274973
1 840108960
1 219627915
1 219577523
1 791530815
1 301974431
1 779927932
1 327201269
1 127050560
1 443935722
1 492168987
1 730140459
1 59303464
1 452200600
1 562404291
1 506518142
1 284294587
1 332011830
1 638108082
1 247684500
1 488327498
1 514701930
1 14054732
1 629798139
1 455001792
1 786622481
1 965860740
1 818126613
1 829963747
1 593293466
1 302344316
1 853553645
1 854087668
1 741227311
1 453511835
1 292407977
1 673415679
1 675919605
1 935316516
1 466373942
1 369044599
1 34170042
1 594293027
1 237022356
1 375098402
1 606484469
1 374488783
1 417710637
1 402065981
1 347952557
1 938812268
1 161756682
1 406836181
1 327856081
1 296017658
1 622318613
1 114554340
1 407102970
1 884396405
1 636331498
1 842662534
1 289057596
1 517736026
1 734041730
1 985979095
1 774410906
1 912255021
1 813054058
1 767457883
1 208053305
1 46515860
1 734390698
1 817946541
1 991348975
1 667585781
1 663884386
1 480466148
1 865612247
1 331234837
1 285948825
1 141571649
1 962173766
1 687228217
1 408037681
1 238756051
1 943170903
1 20107830
1 417814838
1 753151987
1 65649117
1 307962774
1 176139187
1 525466652
1 395145956
1 961435971
1 147852292
1 736565898
1 590934793
1 937036417
1 14255555
1 245456925
1 529445433
1 147318382
1 396446101
1 874359654
1 928970166
1 698405956
1 838221837
1 636037360
1 98777137
1 413883214
1 188461955
1 25054353
1 278529181
1 677777774
1 255542365
1 190094489
1 184181224
1 344113151
1 714736415
1 512595147
1 569913478
1 613126983
1 578751885
1 496781293
1 7480863
1 365308267
1 549020272
1 105896953
1 949836627
1 401907529
1 674015221
1 659052427
1 71517414
1 423421710
1 666206865
1 729561891
1 205173834
1 709263057
1 380751758
1 12021514
1 728501179
1 946662727
1 695236557
1 75435308
1 581942133
1 435637006
1 228973263
1 815383624
1 726805173
1 736045866
1 204478041
1 457863729
1 355718044
1 97415755
1 285725506
1 935095906
1 735399042
1 828868938
1 274435053
1 809781167
1 762673488
1 96194856
1 171783428
1 600924931
1 184249850
1 253350084
1 144886765
1 325967082
1 114457605
1 800280326
1 733820965
1 883157461
1 97866169
1 172364555
1 279863110
1 173479903
1 847638097
1 147455896
1 214688972
1 158252378
1 637286522
1 863934600
1 226566541
1 882780952
1 62112715
1 278359648
1 569599186
1 981640566
1 686202175
1 4225140
1 650262249
1 88847638
1 593748424
1 92218476
1 991311025
1 388607086
1 429392899
1 387987428
1 692997366
1 497215427
1 278091140
1 115885703
1 931449501
1 216225328
1 542537412
1 30847699
1 67030907
1 100685750
1 915507179
1 282934846
1 1154689
1 11088109
1 900136116
1 276675779
1 36844445
1 160122907
1 616969832
1 257068455
1 373696168
1 650250221
1 122792151
1 329746867
1 66473833
1 608259061
1 13798758
1 593193282
1 214404405
1 688418406
1 851038092
1 429069158
1 716155611
1 564693202
1 789707035
1 826610043
1 485135514
1 187920950
1 57165078
1 222962367
1 607316211
1 758076619
1 953212728
1 783245614
1 906322587
1 681906119
1 435113834
1 192240164
1 204052613
1 526773576
1 604216897
1 865362859
1 266331351
1 4479541
1 198926680
1 619965276
1 756171086
1 262117153
1 13081081
1 213806028
1 217611731
1 5894666
1 135083480
1 686242971
1 936152192
1 191542029
1 799097243
1 999327056
1 421361028
1 186636334
1 626012373
1 910771772
1 513782139
1 149425752
1 634756978
1 212877673
1 353993647
1 364906255
1 31483861
1 902204088
1 684632027
1 486502925
1 133199062
1 729727812
1 96088280
1 301866574
1 939778407
1 138925495
1 902697851
1 903096115
1 506520570
1 274544867
1 341192441
1 51569837
1 437156908
1 609436722
1 146940873
1 338888737
1 980727841
1 402933929
1 867323204
1 293519632
1 778913498
1 186886202
1 430600193
1 963991294
1 830034331
1 722066059
1 391206232
1 829058779
1 885053878
1 311112623
1 929445431
1 116082308
1 763263306
1 464568122
1 670158091
1 904036872
1 801976091
1 949647906
1 192970387
1 316476417
1 857690953
1 529607848
1 221410398
1 908933188
1 713064256
1 281977719
1 105008140
1 221440131
1 753142382
1 614797003
1 116396685
1 132794596
1 925653388
1 484372256
1 950653239
1 227957842
1 179046641
1 78884863
1 817718031
1 991352208
1 569244792
1 377825292
1 36411212
1 52890844
1 635900293
1 247812754
1 897513995
1 80327508
1 345232231
1 531291588
1 910626425
1 323932379
1 618814811
1 751545022
1 906834863
1 879702409
1 855192621
1 299840494
1 174919124
1 585733568
1 909150300
1 876336061
1 218971184
1 462812359
1 129060892
1 83352964
1 113975300
1 490619084
1 722243350
1 14235499
1 633517274
1 254978492
1 715636215
1 871111284
1 147537600
1 299592510
1 270717813
1 493210023
1 481214430
1 267840320
1 101767321
1 534929457
1 378911629
1 817230680
1 179630892
1 242483305
1 333236762
1 47430361
1 916746507
1 62074836
1 247643834
1 173151312
1 97614420
1 918466918
1 798167299
1 809687264
1 140218063
1 589439632
1 943245709
1 568546966
1 649499615
1 995787373
1 238182042
1 184166375
1 251595327
1 521585760
1 48887996
1 450824842
1 576926622
1 577844487
1 121693850
1 344796063
1 463717936
1 35867060
1 256519905
1 193348110
1 4601377
1 718390608
1 66638714
1 127884510
1 345505177
1 525617792
1 694582993
1 48526382
1 264432556
1 707193903
1 889969037
1 349112780
1 299712498
1 256259643
1 112308836
1 851075605
1 229626901
1 402434622
1 62463796
1 464432692
1 413055691
1 25245277
1 973025870
1 437308139
1 893925907
1 855974946
1 646636291
1 1482621
1 506888641
1 547570537
1 72755902
1 402585871
1 55786098
1 511369210
1 234852222
1 37308400
1 539389020
1 218949945
1 944803043
1 551957553
1 194892904
1 180556156
1 607027050
1 871779090
1 435377999
1 689881400
1 16621010
1 122754126
1 375730367
1 773045073
1 518803325
1 374724485
1 272458671
1 440016122
1 899358058
1 12041724
1 906338115
1 699714151
1 343328483
1 207442539
1 16531871
1 352720660
1 938095467
1 452661515
1 657702011
1 869091618
1 707646528
1 502341
1 329060259
1 928384795
1 844924248
1 263022139
1 138727961
1 50105089
1 319430801
1 793799746
1 260753884
1 650381741
1 109536915
1 570111703
1 159547719
1 335548993
1 545321145
1 563146404
1 714266205
1 576533064
1 213524955
1 742353363
1 698107042
1 641477554
1 936620832
1 757184080
1 573484001
1 208209302
1 567697227
1 189360948
1 260385472
1 276395216
1 351209680
1 419158492
1 695162957
1 831026319
1 830493439
1 464241926
1 167946020
1 155290260
1 470875960
1 762870688
1 950353351
1 719456414
1 249528260
1 335744945
1 579497860
1 799498703
1 413278750
1 367190223
1 714510444
1 136083283
1 832980970
1 394510008
1 630718194
1 968234714
1 612349035
1 635783244
1 298942124
1 123073367
1 199337210
1 551787015
1 225968055
1 552026875
1 895154568
1 334121982
1 752813605
1 577611148
1 258367114
1 257660113
1 880168748
1 269591570
1 270635919
1 346676190
1 810267995
1 138801956
1 866390245
1 654596840
1 20037917
1 212707755
1 202546394
1 45651600
1 943055570
1 549168164
1 507126127
1 37113771
1 466271067
1 891463040
1 746451703
1 518922492
1 364629744
1 266182494
1 442157572
1 463906471
1 587535675
1 184653383
1 656710129
1 791836119
1 777772610
1 568069247
1 490491057
1 686764450
1 120855748
1 818846624
1 63300888
1 946624625
1 793319869
1 735879002
1 731135104
1 615869886
1 729399342
1 98681518
1 636117761
1 757768367
1 840004601
1 979250404
1 923787840
1 789202583
1 315125291
1 892104261
1 154385076
1 511743708
1 115507422
1 320594961
1 567400585
1 518059516
1 651180500
1 981823009
1 739509139
1 228319849
1 121960697
1 573945418
1 157309242
1 678301323
1 764925803
1 249360933
1 762144996
1 653062539
1 796415046
1 799108618
1 708833158
1 630183630
1 356777014
1 277345051
1 938138163
1 274628473
1 683460026
1 327220777
1 14458827
1 559704664
1 993823887
1 992555256
1 658567008
1 579461144
1 929887572
1 681106370
1 827339098
1 258376649
1 906772667
1 950238169
1 836514663
1 946056362
1 331454854
1 147253633
1 434925243
1 495980645
1 295926726
1 751341591
1 675054740
1 762909205
1 474866122
1 271097908
1 196273028
1 795838163
1 352233254
1 351971213
1 212681441
1 298947930
1 71792873
1 723945904
1 78974415
1 980063095
1 263051968
1 746540920
1 974301772
1 692076655
1 780167099
1 643152155
1 939843888
1 154600762
1 856005290
1 926069880
1 170203437
1 944850426
1 75968928
1 238243804
1 548045027
1 119860360
1 384965356
1 318075978
1 72092901
1 260716577
1 535994207
1 503631917
1 648358009
1 329157194
1 319363042
1 737282709
1 379610256
1 909468033
1 346035358
1 55243815
1 736118431
1 254133678
1 770839856
1 340121889
1 396525327
1 323966831
1 171225860
1 406522909
1 969292123
1 608732238
1 886351714
1 704073788
1 701354582
1 122396811
1 967679130
1 660141096
1 397539056
1 557448211
1 377601375
1 104972379
1 720662855
1 963504477
1 737072167
1 856761491
1 472858781
1 621368476
1 115575994
1 340665140
1 180102022
1 516791819
1 643437434
1 449776994
1 75805505
1 381122064
1 156776538
1 375096413
1 492348343
1 782670557
1 673654310
1 291771888
1 41359145
1 731237921
1 453742542
1 442363102
1 917320397
1 874913204
1 568536712
1 724656640
1 616505201
1 554867996
1 458508721
1 747343092
1 563515877
1 47944474
1 814985131
1 942144258
1 763732382
1 632583994
1 661402510
1 838209251
1 979215550
1 302674982
1 430754405
1 30021034
1 434472533
1 83765276
1 981700164
1 900130717
1 184354250
1 533713289
1 543910994
1 53313404
1 519317630
1 563928265
1 117744942
1 763568045
1 233745277
1 504631206
1 425777103
1 974189151
1 898208813
1 502099073
1 838295813
1 838746319
1 176083375
1 517667364
1 185003283
1 143848832
1 421868009
1 750615690
1 394956193
1 443968691
1 453176022
1 107339706
1 912435499
1 469131884
1 501588623
1 561538687
1 435358707
1 180648252
1 359724124
1 672449318
1 640110617
1 353080001
1 262188436
1 915831041
1 687876793
1 639099978
1 548437109
1 922014760
1 295916216
1 1859535
1 383475815
1 213568394
1 586385201
1 46529611
1 794433303
1 30069073
1 201772553
1 234946749
1 418224262
1 898874430
1 496411723
1 287587762
1 143098268
1 822190080
1 315068120
1 797347890
1 467845937
1 847098497
1 998638170
1 71051290
1 373389373
1 317408659
1 153076510
1 249286863
1 566188782
1 853982348
1 737825601
1 296477491
1 624439070
1 772248053
1 194223779
1 261996165
1 993739093
1 59383106
1 527972814
1 972280598
1 602070866
1 409742064
1 968982376
1 640163836
1 532014535
1 621178825
1 683558504
1 408649120
1 451203244
1 438799559
1 931624933
1 73983349
1 21226239
1 628462901
1 893521996
1 337278707
1 366392481
1 529470776
1 378622417
1 52649403
1 100410810
1 331474580
1 935383388
1 2456595
1 514838704
1 395606769
1 392726553
1 221951251
1 519261135
1 750125738
1 325299393
1 787879233
1 688920749
1 239978684
1 120865181
1 817621166
1 429771929
1 760941666
1 749441356
1 360746202
1 687573285
1 764098671
1 696220674
1 889525623
1 343279153
1 71404966
1 865072131
1 697697397
1 225680625
1 46302695
1 771980409
1 957299223
1 917243959
1 434086998
1 815721593
1 334298304
1 434188800
1 792272365
1 644896093
1 158621910
1 988091724
1 53366646
1 609912299
1 460793173
1 425269361
1 233599441
1 521420781
1 544308514
1 629076171
1 827433422
1 560605411
1 118237793
1 711284987
1 473565635
1 633769921
1 655519841
1 593537784
1 447800429
1 248828018
1 108394018
1 699323588
1 860441506
1 429318527
1 893250121
1 844242870
1 307955704
1 599675038
1 967553558
1 82182536
1 859475074
1 377033745
1 775765353
1 127993120
1 57950401
1 460038167
1 205154550
1 637882279
1 156238113
1 156810818
1 242843497
1 803611619
1 679171826
1 262955060
1 850400402
1 793092147
1 306356830
1 135121881
1 101559703
1 868982516
1 616929346
1 273296468
1 135848165
1 443900499
1 654110450
1 589048589
1 613051817
1 669764193
1 608895476
1 804891619
1 763258478
1 934477425
1 973747765
1 581176666
1 397072751
1 731194594
1 641664871
1 906095665
1 186546533
1 969982292
1 570420971
1 649607672
1 114580858
1 553512388
1 411145757
1 151388098
1 100328027
1 30565538
1 786264089
1 821889884
1 621057166
1 126027047
1 27074852
1 394812946
1 984522863
1 725449177
1 202086986
1 804863915
1 383033918
1 751518129
1 669603635
1 447579845
1 287805431
1 187985010
1 896287193
1 960810461
1 841185669
1 309247812
1 468065307
1 708141753
1 871494601
1 997250532
1 542168260
1 179145493
1 752001255
1 861881379
1 296357664
1 372861632
1 868016033
1 953074609
1 126532599
1 447883642
1 155024989
1 324506085
1 685625465
1 932264780
1 274948417
1 586154154
1 687217608
1 354771086
1 337421925
1 847121631
1 184284444
1 984988707
1 725375423
1 185891632
1 442800985
1 320982163
1 882232229
1 149301464
1 827394386
1 750037888
1 423773189
1 887426549
1 887414882
1 9733304
1 723834915
1 238837926
1 594312200
1 234048227
1 687675403
1 374497669
1 748126950
1 989931842
1 878486069
1 617123680
1 303276966
1 92569375
1 1887143
1 6168270
1 591183397
1 884309413
1 353653519
1 856395185
1 698325267
1 807467774
1 57169514
1 759049339
1 218337370
1 142725411
1 963621486
1 130630285
1 744301265
1 886322061
1 100020893
1 18650894
1 441041459
1 816416718
1 127334114
1 911026114
1 571293884
1 834976034
1 245317801
1 707439452
1 756288083
1 954725080
1 564198751
1 341076743
1 743174319
1 471652186
1 718279479
1 545108983
1 79440623
1 999655002
1 296051182
1 329443718
1 854898965
1 406940162
1 493898454
1 411462752
1 333256091
1 641391667
1 451205423
1 102478804
1 634237726
1 405800775
1 977377298
1 768127524
1 54000073
1 757001688
1 661745918
1 200061831
1 755735624
1 625979881
1 543662960
1 388131934
1 905227638
1 751093136
1 577546077
1 907881364
1 433027417
1 444769580
1 594542632
1 522527070
1 665993201
1 53894926
1 918643479
1 982960291
1 626938812
1 53034951
1 397312843
1 509315819
1 77941827
1 281410659
1 448207263
1 116213682
1 258813062
1 827162663
1 344895014
1 337840540
1 563174888
1 295474779
1 494199051
1 961336024
1 995310839
1 571159676
1 736407367
1 780163074
1 429768510
1 913429753
1 709991247
1 210168054
1 767677502
1 408882394
1 174255749
1 981423650
1 243701260
1 16451479
1 827834581
1 383521428
1 116409436
1 408891608
1 233653152
1 863011471
1 26018442
1 368671216
1 348005481
1 19851092
1 92329239
1 740955904
1 435831252
1 73034874
1 954412855
1 218593515
1 388158461
1 400032170
1 551079923
1 184371103
1 560593948
1 746607313
1 613937973
1 312747848
1 644600165
1 654111189
1 263060078
1 504760562
1 534592491
1 491236597
1 619991290
1 1655093
1 118214838
1 487164483
1 307242118
1 128557165
1 342364142
1 298758789
1 607928478
1 768424541
1 391360866
1 136185776
1 493819416
1 250118244
1 593066761
1 725955022
1 355206416
1 63205434
1 302301478
1 270395633
1 242175500
1 130706029
1 419272535
1 803049257
1 806680558
1 251493560
1 927417114
1 340231154
1 78975766
1 781073008
1 37351466
1 235793335
1 699077291
1 547810609
1 297964264
1 151699869
1 892110727
1 109300741
1 959422237
1 678183085
1 881914063
1 640719743
1 804028813
1 462120365
1 372301972
1 226674569
1 374648348
1 916928845
1 119440559
1 178962367
1 440688712
1 277030988
1 396894186
1 193057420
1 7702915
1 454411610
1 575731023
1 853990859
1 492652029
1 363286077
1 463365785
1 381991085
1 397564344
1 9679040
1 736667827
1 104724397
1 625041071
1 902281517
1 302138785
1 526129552
1 188741189
1 580808036
1 545618404
1 300458657
1 252852448
1 134342139
1 585715280
1 434477536
1 756022290
1 453539709
1 953820751
1 173835018
1 201589319
1 965239883
1 163286802
1 500800372
1 464989496
1 559979576
1 663662509
1 737225977
1 178318411
1 177597880
1 606412970
1 384179626
1 231383462
1 900778747
1 278026733
1 538312147
1 259029840
1 89087083
1 330532570
1 784932982
1 601018265
1 327868918
1 121786848
1 294374178
1 798851029
1 462747386
1 706854085
1 840886971
1 420100744
1 294051737
1 163842041
1 244289548
1 24960650
1 283991999
1 474665927
1 721898552
1 701113907
1 638097243
1 496391529
1 544346729
1 159144553
1 334514421
1 785646817
1 965753271
1 87875471
1 60652451
1 16127367
1 512365509
1 347583536
1 638924214
1 208412108
1 833770359
1 979598391
1 586511077
1 923744441
1 477768711
1 634316160
1 147274789
1 984282279
1 513968981
1 775422846
1 944865612
1 121308228
1 477747446
1 935862836
1 144029583
1 543816846
1 148530517
1 4307429
1 770319722
1 774833053
1 71636285
1 424945414
1 336084628
1 224699234
1 879326030
1 822146090
1 424343272
1 292142900
1 204709019
1 450868458
1 618321437
1 307179518
1 617453324
1 901124802
1 30113261
1 508559276
1 12757263
1 386752458
1 836521516
1 777390683
1 667164638
1 167034296
1 92162068
1 749834857
1 169249490
1 364433431
1 893245276
1 160286851
1 802054619
1 133232620
1 721585635
1 882723154
1 649648323
1 453519320
1 704753974
1 841856787
1 450436093
1 843365798
1 809772
1 308684172
1 357636566
1 208603194
1 925469692
1 315483932
1 16485811
1 845344683
1 232347068
1 573094287
1 131843071
1 998125317
1 736898067
1 995897856
1 864517422
1 383900699
1 109801092
1 70652039
1 400235807
1 274130273
1 520606200
1 65294927
1 154242248
1 791062084
1 945954756
1 570098554
1 118719787
1 597195377
1 380398681
1 168932757
1 516094202
1 566178257
1 294015256
1 643351023
1 823536798
1 224924252
1 281574173
1 535727572
1 398097429
1 319118883
1 248765037
1 130850417
1 523404024
1 56758140
1 133526738
1 415155019
1 715392794
1 643794051
1 686762260
1 743540850
1 309085898
1 134070300
1 527181432
1 188904733
1 868301250
1 735404045
1 6402524
1 890937545
1 25130567
1 750172280
1 34181652
1 758728167
1 999178847
1 318086362
1 712661379
1 342668862
1 448973035
1 717229488
1 706563810
1 33977254
1 490440578
1 119043309
1 894323671
1 896367485
1 984373320
1 732013512
1 142902758
1 802484041
1 472027111
1 63440029
1 85748989
1 515733560
1 960211256
1 789119572
1 429688113
1 61748750
1 243788999
1 971829608
1 396033792
1 449069117
1 126886114
1 99910373
1 231187266
1 306595091
1 49675888
1 196271336
1 640876741
1 915131203
1 468847674
1 18483304
1 809613555
1 996135199
1 989057232
1 657698315
1 835719294
1 370242892
1 861159285
1 681709232
1 334926673
1 660743307
1 225685490
1 828379973
1 208650883
1 178021756
1 333592299
1 91140870
1 341657943
1 586702459
1 759119530
1 112641696
1 962532062
1 943943996
1 977120441
1 167721413
1 812799924
1 316050506
1 310593841
1 808622247
1 461610337
1 185150748
1 122568226
1 518573
1 670716125
1 144861242
1 942726976
1 539432909
1 348402267
1 895982071
1 785292602
1 771019009
1 393289445
1 350462553
1 615105697
1 584382918
1 850493242
1 248055978
1 64808670
1 806349773
1 93971290
1 662609200
1 871560211
1 616074657
1 51845524
1 103380947
1 927085707
1 785250561
1 368270338
1 132746481
1 948308533
1 591878933
1 138067908
1 926391772
1 726191010
1 967760140
1 619553369
1 469446181
1 101780957
1 292927998
1 413567579
1 169046808
1 367816045
1 615043857
1 396865190
1 151198117
1 594395058
1 31337199
1 516056044
1 797391516
1 932234708
1 375172983
1 788518689
1 753263098
1 850051437
1 960990881
1 462906160
1 708377430
1 599563410
1 182093235
1 382243097
1 66273368
1 38231235
1 410058398
1 550719798
1 951475352
1 62594090
1 753427891
1 430230831
1 195402525
1 677200881
1 379416514
1 848420008
1 183262298
1 100836679
1 915603948
1 97084288
1 696830591
1 569735301
1 217759897
1 217634114
1 25247813
1 518786081
1 354105599
1 849760755
1 147192438
1 335669405
1 314792936
1 28886183
1 627441400
1 835968994
1 781984546
1 604737443
1 567184696
1 729350146
1 581382024
1 553545580
1 781674628
1 596224098
1 603922626
1 303291953
1 878730908
1 790518463
1 345101290
1 536909952
1 891778056
1 752293564
1 902676080
1 190440049
1 862157216
1 171934202
1 780056411
1 157910867
1 476069411
1 611522144
1 622900904
1 481487089
1 457216819
1 676335688
1 984440373
1 272295117
1 656878065
1 667873156
1 617514983
1 940522013
1 615811078
1 790668995
1 915175534
1 518416078
1 773434506
1 384229558
1 745210847
1 318153884
1 453342920
1 172346537
1 382043741
1 983576634
1 582187495
1 27976061
1 191242760
1 227293780
1 455890786
1 766381377
1 831619226
1 366496422
1 926899753
1 66083816
1 775620791
1 856747986
1 235314120
1 271047955
1 816899554
1 926571517
1 969841844
1 637357417
1 48487767
1 142019486
1 622964921
1 844722715
1 932177991
1 690508441
1 940431082
1 600139197
1 737392349
1 484547455
1 961837611
1 230621252
1 692582451
1 56386422
1 435903344
1 164356240
1 651893782
1 211480300
1 725143209
1 925977899
1 72573581
1 723892563
1 822077340
1 201641205
1 664290223
1 602118328
1 11305403
1 540648055
1 696735974
1 609375571
1 298165915
1 279734769
1 752153350
1 597095815
1 758638031
1 845493440
1 371623489
1 581227154
1 434723366
1 126754314
1 358874392
1 231767454
1 999025545
1 16143888
1 585174617
1 871906222
1 875772222
1 14636795
1 543995484
1 347439371
1 808438928
1 388423554
1 513422853
1 256939637
1 330689480
1 587499404
1 139896762
1 784938048
1 852288485
1 437506136
1 522082899
1 431773949
1 684815961
1 103265596
1 234644174
1 90939074
1 226408850
1 855285247
1 268495452
1 212272561
1 719213395
1 199579948
1 283411585
1 717813853
1 603475774
1 507055109
1 349562408
1 247829231
1 512693380
1 636928719
1 487426259
1 520519931
1 563122347
1 303153369
1 170074066
1 692599790
1 292919361
1 884474415
1 863507331
1 756834599
1 332348630
1 365933457
1 486001629
1 782427385
1 656833643
1 85390953
1 406037448
1 926082023
1 577724280
1 158698667
1 317553617
1 850104676
1 790645127
1 612925499
1 180963679
1 955152171
1 499251800
1 948079310
1 860485571
1 837443273
1 433116976
1 343484760
1 559382925
1 246802779
1 243912784
1 340537443
1 224602118
1 822829633
1 737920480
1 995440439
1 475980259
1 873952695
1 589650686
1 572113651
1 255141389
1 365036463
1 825877760
1 164099401
1 432881125
1 582243866
1 147980562
1 44160160
1 241352470
1 310128016
1 665227380
1 552091123
1 703666950
1 746152167
1 894730935
1 581878746
1 101995524
1 37894321
1 329735136
1 367160755
1 689694269
1 664604155
1 915591737
1 459777872
1 808771577
1 749431991
1 895358161
1 437427225
1 528834910
