2000 5
1 768305621
1 511847752
1 100508184
4 179363193
2 754585681
4 965693389
1 965692505
6 502499822
3 805902526
6 479572438
7 309133033
6 900193127
7 766352136
3 698754800
6 715765503
8 61098307
2 552798992
2 848877450
1 781676837
8 284180709
8 678259698
8 99096693
6 310312068
9 483810099
4 204214100
3 742211433
5 532373346
7 8036185
4 795007479
4 851348465
5 169317331
7 121966874
2 620557598
7 395117743
5 780238266
6 342563036
9 814468090
9 502960183
5 367283766
10 729845991
7 689499696
1 932924885
8 54447905
4 785878698
10 859754189
7 579529621
2 413201349
1 957428220
2 365705654
8 996053056
8 221451297
2 839195582
7 139737597
2 963705412
3 419344627
6 345665804
8 163145228
6 669674551
7 766500722
9 802081353
4 166788888
6 145740099
7 799241933
2 704959570
8 859088327
5 427867066
1 697265500
10 872884478
8 887724213
7 230171550
2 27344470
7 167157637
4 273673003
6 760929707
7 494969783
6 456011346
9 691596469
5 818837159
8 407782152
3 394290336
6 463427518
1 304665992
6 424806054
8 572100815
4 30140353
8 405827794
1 382983934
5 189612854
10 331427769
6 482721449
2 363574586
4 47269132
1 117329600
10 215407283
4 640259157
5 583201641
5 172397360
2 14801500
1 516896647
6 656639690
6 528600662
6 713573438
10 71378044
6 475974288
8 371183904
7 145346290
7 514802117
5 877286616
10 12002489
1 949348198
5 659203695
2 694395282
7 769590648
3 61433076
5 29649367
5 880669439
1 180393819
10 758887953
3 37002495
5 686543638
4 462932685
1 365765728
1 139661037
10 175950790
5 655975420
9 853881388
6 238516743
4 918755550
2 453223973
1 109294324
9 468290161
3 631656730
4 413235839
2 792289610
4 415231407
1 508190063
3 903551796
4 606353258
2 47255083
6 493062904
5 583541575
2 77562414
10 365594245
8 588581079
5 170318600
2 48935155
1 83592089
2 336149753
5 522911774
8 820572969
9 83563461
10 82472077
2 744727809
1 590348652
4 542624662
1 219551413
2 571633627
1 891573284
3 182976618
7 625108898
7 121201160
10 688404489
9 151256110
9 759532865
6 675854742
9 633964936
4 792781684
9 854249199
1 707402357
5 172386721
7 9832860
7 163455052
10 536042592
10 528483093
5 940874183
7 188066461
8 34471372
2 624110656
2 283211694
1 310224272
8 740925376
4 719297557
6 985190286
7 327354272
6 995775838
2 233442789
4 260440361
1 706742715
2 50394266
7 633553644
3 934613514
2 929362333
5 468359910
10 93726154
7 692581823
10 818470294
7 190405346
1 674407402
9 732844252
10 110818236
2 419127746
5 122648926
8 521550548
10 704220399
9 532680639
6 417566070
8 705554650
9 786144497
10 509274161
8 602887602
2 66961613
7 679772566
6 508198770
10 199592022
5 739406917
2 15633666
4 579071341
8 159917957
3 346262423
8 276409599
7 947857073
3 449217669
2 623905428
7 353792327
3 520939128
6 54420671
1 838489633
10 573565991
1 252047789
1 631762197
9 283034282
10 852587760
2 986719236
5 797659761
8 229367929
9 343609604
9 294898898
6 664442250
3 674918542
10 715789355
8 335523602
8 780902312
3 116791247
9 569379908
3 572177375
2 626966891
6 66771590
6 998756027
6 116192830
1 118298968
4 415767772
8 774311071
1 534940112
2 965876761
10 700614655
4 517544797
1 951974223
6 438583113
3 120271991
8 53341777
3 227386974
3 77557504
8 797044573
10 337938397
5 835402311
5 203365428
5 682073718
7 744495466
3 146852585
1 236836367
7 347201510
10 233836739
2 207084418
5 357738911
3 441294254
5 594804459
2 666124896
2 84573812
2 987932091
2 210164909
1 652937862
1 294547228
5 453955900
1 364185096
10 903923756
7 50772891
2 901386367
5 846532440
10 353172452
7 234353479
3 873120287
4 374739779
7 79394428
6 722995621
8 511700808
10 241236844
3 277911989
7 393457180
4 477301727
1 157398564
1 844155984
5 386079446
1 403700070
3 74765478
3 849354798
5 978933
4 836762525
8 246199163
9 592271611
10 829604809
2 988809267
2 868202802
10 203315403
7 16823573
5 446762538
10 748365530
6 231016562
8 971607389
10 277435327
6 227870489
4 220678857
6 121865639
9 129642926
5 978183312
6 542804450
4 634943325
1 596595378
1 602238915
6 657277651
7 778061126
9 911763482
7 378296625
9 35387998
2 291783513
3 962479588
5 219328256
5 756668723
8 408840794
2 94290479
9 574255655
1 659566498
10 537211033
8 30116397
9 646400964
9 486496593
7 981239688
4 260585359
3 868369980
9 89699810
8 526264739
7 761388526
7 571613041
4 365803153
9 339260416
5 99538237
5 290870518
3 428149185
7 171794125
7 362094837
9 79769351
10 208632970
2 492516165
9 409239295
1 638391015
3 344337286
3 781048401
5 615370465
6 204144575
2 39661939
6 849065849
7 861584999
10 24509188
2 494708503
2 756902014
2 902172931
7 88409467
8 185600856
10 896984394
3 684414648
5 789983399
8 247766384
1 97552713
9 70564298
1 23415242
6 647287572
10 516990509
1 422850883
4 312264124
6 239379918
5 453408305
9 38211437
9 20454334
7 658218274
3 457248609
8 645647340
1 5044410
1 472221055
4 720089946
5 574984304
6 61342759
7 131417723
3 246721418
9 260586715
2 630930319
10 816335152
8 348672
8 989783628
9 368221617
7 725664281
2 214839923
2 752035721
4 412703841
3 939647699
2 552278343
6 61786064
1 9963958
1 275793511
7 175237353
9 59258598
2 614273143
6 67836732
6 499243024
9 958405579
9 597303168
5 628972946
10 649619349
1 557659846
5 49757361
9 279930194
4 207831671
8 71448425
7 300122743
10 813798847
10 566519516
8 76406963
10 776149321
2 886767064
4 510465635
5 936011974
9 608173226
4 228148980
9 688918237
8 898806151
4 229966882
9 852179628
3 84410724
10 371853886
3 515959429
6 463230988
9 33052506
3 804587749
4 861520007
2 135789296
8 399093739
8 306749194
6 569932698
4 124439660
1 836671449
6 485939523
9 207636752
8 585519737
7 714034891
7 739379333
7 994559091
10 522837395
5 287383448
10 669464787
4 836582483
2 677643053
4 224806658
2 858593947
6 925276433
9 593639804
9 31096783
5 284309766
5 942563759
2 281379730
5 178024879
5 657260084
1 212935902
3 999362314
9 252276411
7 359517652
2 277049271
6 437360006
9 948911027
4 389349510
10 100253308
10 957207053
10 229565913
6 437705430
10 538071805
9 436084203
8 231421192
10 995546710
4 921731097
3 481306977
1 775908656
7 35784962
7 574511887
7 625941391
4 241273339
3 31878769
7 412330913
8 151625363
10 588756106
4 128551458
3 757570133
2 266374193
8 566014264
3 949002966
1 178016861
7 440287463
7 852468441
7 666226967
3 476632540
9 609191795
3 42428784
1 210501144
3 858439295
1 578559905
4 275965835
7 621415882
3 351241444
10 610280767
3 340173615
6 730575231
4 409568520
3 298628253
2 194296571
1 691658191
10 404854438
3 136051404
10 660826349
9 707621221
6 447065258
1 227340666
6 137163994
3 108691688
10 273429680
5 114319696
3 340744064
2 882992976
9 875929386
5 988872930
6 775408075
7 304676626
7 293312352
6 317873184
2 832596186
1 680241987
10 889393522
9 834048842
4 978487244
2 137567091
6 585750112
3 521156805
3 212801278
10 326870222
1 74225733
7 81042456
2 407836898
10 899364328
9 902339768
10 967198519
4 624961367
3 773168972
8 535299794
6 95824901
9 828878533
9 114164600
10 516978449
1 239363065
4 502246709
5 54866429
3 762209669
3 208852218
9 963136878
1 59452465
10 800434155
1 867798528
10 196834799
4 286984493
9 543531545
8 97417272
8 119998941
9 767325751
5 131761535
10 972171159
8 973156269
10 921635123
3 276480966
1 791108044
3 114179822
2 814640135
9 543567301
2 716896914
10 1852999
9 761433520
5 863825010
7 645243265
7 944663056
4 330277887
1 196673090
10 222487718
6 46024900
4 218231927
5 748911725
4 264541454
4 349282322
3 748963844
4 357980135
3 137058448
3 373307003
1 115892927
1 24977128
6 426927036
2 853738802
9 211793056
6 641550232
9 544167601
7 857865591
6 581816050
6 388505330
10 694762295
9 78396894
1 325638940
5 116801809
4 415720563
2 524936460
1 827346667
8 816888935
3 930188795
3 907660242
1 929011432
7 674844172
4 253948712
8 746126290
8 8080309
9 513297198
6 381893357
2 347165189
7 138483804
4 372793633
5 826013335
1 624209628
8 204148683
2 839103606
6 321379664
4 772497854
10 36753031
6 838642889
2 793621252
2 304134189
8 60123064
5 269332578
8 803756349
3 957524913
5 250725472
9 487332322
4 928269075
4 797320619
7 471722047
3 537933453
1 991571519
5 495151146
8 161475067
10 350466497
3 234588376
8 966598148
3 844063779
9 963092485
4 709855588
4 872831543
3 22394211
10 501480295
5 876878118
4 788652396
2 443326243
10 676714306
8 789272288
1 203317717
1 239515159
8 563700611
8 616761778
10 415002076
7 435050157
4 416078426
1 428505462
5 259730014
6 758060637
6 343704166
9 21872018
2 305962093
4 190584578
3 165106763
7 506851062
6 253485245
2 694103379
1 50787301
7 762053836
9 444562040
3 202371241
9 472001194
2 947301507
6 391386556
1 980658589
1 852857633
10 597888176
10 790287399
3 737073555
2 598776350
5 339246493
10 917387931
4 488629992
4 986277958
10 502829804
7 595161159
2 65384606
4 135133544
6 136829705
2 380428883
6 582015283
7 276212523
1 565286927
8 379474612
3 337431969
9 190280271
1 397896898
8 732689734
6 46407832
8 455114183
8 868199340
3 115209298
2 12011240
7 892975083
3 785465222
1 234542204
5 700572971
7 960659928
9 534418731
3 18724676
5 880637730
2 469518047
3 206263126
3 922430108
2 593801016
2 430269976
2 603232822
9 256169664
3 327157740
9 555434499
5 53306126
6 593612571
9 244718462
10 970494109
10 979992220
4 405474117
10 657466036
1 873978627
5 218413394
7 404164429
4 895463426
8 887650834
8 350598154
9 70513528
10 770119975
3 876664904
2 958478564
8 214035406
1 798009786
6 322424283
8 340104232
9 731373040
6 644013331
1 675184117
4 277731687
4 149745006
3 316915907
6 387183140
10 109660771
5 687599709
4 577012183
5 241881891
1 292394321
3 687663329
9 746856073
8 165788113
5 972906622
4 903937828
2 642406441
2 416121147
1 835880571
5 927450795
7 651609212
7 404848481
3 298367582
7 415934231
1 85502090
8 958320274
7 838142117
1 584571877
3 24070580
10 865199330
10 375389145
2 375670679
6 748850425
3 990500348
4 153356766
5 66727509
9 261784859
2 97393764
6 207692245
9 697029101
9 151960168
6 167142092
2 594676665
1 135644446
9 618659417
2 807510263
6 61762606
1 974294013
4 540010057
9 190631108
5 892156495
10 795358238
5 656694711
3 892518374
4 183723551
4 695107885
2 614521109
5 277448048
7 875908684
1 485781410
5 578430553
8 244925570
4 514779460
10 556655563
5 191108581
4 781574743
5 679820955
5 123956405
5 841287585
8 447869228
10 77004385
2 910324840
1 281972134
8 251436464
8 506485797
10 929605172
9 316188134
8 848494856
2 4000636
6 465711832
4 339836897
8 948336899
3 559498547
10 578786033
1 718762813
4 300441083
5 282016979
2 985605702
5 866996200
4 190327310
3 695341036
5 463839738
5 782873012
4 279532770
8 302716748
1 360872
6 429993828
1 208347088
7 74950742
1 123972320
3 402442385
9 576728235
10 624092300
6 112041072
3 76194230
1 827346905
6 185801384
9 437735911
10 811023100
5 443038025
3 551887266
9 507581083
1 45577039
10 609807741
9 190344449
3 308590475
7 319154074
6 57296546
9 846226756
6 314766823
3 828957969
9 463601049
7 479085386
1 313728191
3 559607535
5 193310308
7 562341572
7 691945105
3 784241579
6 975955486
2 462851008
5 774156150
10 663706695
8 200097974
7 901402267
8 466939173
7 744045005
7 13728271
8 527770771
10 100273180
8 249356917
10 527252990
9 946180433
10 532092601
8 282910880
9 541432196
6 957783826
1 268420610
2 548397157
3 660780364
2 959911785
10 345390661
2 229389307
4 781002484
2 881459973
5 748564993
9 833138984
5 432593164
2 971645588
2 364251049
9 367555487
2 947702915
4 80557731
7 350474290
10 936525344
7 690156091
8 116851090
6 704269957
6 622902113
8 632048550
9 214342794
8 507541583
1 118080602
1 676225248
8 164702951
7 541458865
3 23370663
10 685141954
9 947564377
5 271248309
4 787698004
5 902903633
2 311399605
9 473300956
4 425337162
1 347463745
2 111151770
7 578301402
1 492280005
4 25230393
7 777120449
8 889433981
4 738388475
1 52539509
5 213928434
5 987549511
4 816129200
10 647079635
1 260305286
9 583030808
1 122850634
8 253174253
3 544369563
1 317197134
9 737545708
7 284063456
5 447715948
2 541462980
8 667037193
7 87536846
8 660615052
3 535142392
10 958416492
4 515570817
7 750867973
3 199903473
9 198951418
2 91565436
6 23674241
2 10005213
1 538973531
4 667936568
1 854507415
1 850459031
2 434625633
6 815542308
3 510986711
8 573054005
10 684509921
5 742207874
8 767354486
3 62707095
10 367154641
1 335048950
8 723649145
3 627688103
2 418341540
1 411293579
10 242667184
1 808679282
3 250095714
3 923368411
1 169823266
4 498503046
4 152776953
2 750935007
3 171225303
5 828542533
9 670073488
1 932757246
4 171904319
3 80506574
5 524690160
8 265629406
3 832511675
9 259856407
1 24121202
9 560364817
6 968139753
1 258667057
3 834134284
9 196840222
1 989223298
10 160427365
7 537761459
3 70990566
9 77164362
2 968675684
8 161854850
7 932750038
2 812502885
8 502988322
5 758180449
7 910469926
10 769364348
2 410178119
9 293410247
3 427731738
10 950094129
5 363125405
8 158046234
8 339314512
9 234525068
4 219037464
5 593010417
10 125021463
5 775194687
10 131218765
3 17287156
9 538057654
4 602809631
6 124271839
3 615863509
7 594142479
8 801083138
1 277820498
6 861970771
6 578600159
4 463533081
2 978771605
5 480610562
6 763327122
3 369143106
5 976718251
9 324169429
3 963740602
5 624934144
1 735083702
5 321839126
2 281437997
4 618211063
2 447764311
4 462447200
9 240503414
2 477079659
10 426830998
1 580488807
1 714844541
4 158882226
8 903440712
5 571884231
4 162581002
7 103214333
5 255997394
9 821243819
5 776868058
9 431702424
6 680716796
8 957487303
4 263461714
8 823683484
6 902954980
7 448808749
3 765461266
3 672935688
2 387611384
9 26126546
2 651544813
10 151413023
3 407432356
7 5278163
5 388060151
9 564217820
5 390259988
10 610251990
10 174020543
1 687410223
10 640821224
5 574186986
1 278816258
10 563414615
1 864055159
7 489000482
10 918286888
3 330890931
2 137846832
5 631937667
9 189110688
1 629081679
4 457408919
4 745009410
7 556967880
9 880962186
4 385408046
8 89298102
10 26112702
8 92051112
3 48531625
6 264513964
4 545871109
7 662646903
6 245663160
3 314297759
1 703471584
3 168588167
6 207983928
2 514021599
6 447424848
3 562631314
2 480778329
1 792102621
4 660635507
6 598276101
7 278957122
2 401085075
2 194224105
2 34796065
10 223194695
6 393912361
1 613226984
9 47878575
3 785872497
8 416279247
5 362958166
9 625490052
3 197580846
8 516812348
10 690618811
7 538372936
8 179282578
1 274024759
8 720200645
6 726260982
10 7633419
8 72605163
6 183375445
2 444099491
10 240844949
9 530338744
10 405358247
7 999624190
5 276571949
7 896513921
4 64206875
10 570994823
4 627013023
4 800538158
8 288551265
6 828214005
4 64059180
6 995104058
9 649085951
7 373573844
4 726601856
6 51252477
2 679994972
9 825091679
5 537571570
9 338484512
2 524882016
6 642442363
9 2816871
8 238890944
6 99666191
10 910371547
3 740777668
2 860323601
4 510917766
6 759242744
9 501448189
5 675770048
6 378948680
1 348293215
6 469108835
7 330174449
2 698766942
1 76835707
4 802961827
3 375454084
1 30812826
9 995556566
6 504242239
2 294312008
1 262716093
3 299379323
3 172013073
4 701246568
8 753486066
1 99585790
8 873740951
3 460646851
6 274838257
8 983864388
6 685781331
6 983682106
1 958468988
10 294967022
2 174187451
2 138609751
3 585698005
5 635712916
4 762898136
2 521287276
4 446034526
10 333463920
1 223299415
6 238211170
4 981785417
10 279985276
1 909799200
1 742792413
9 459225119
10 7975511
10 859380455
2 540331758
2 578689557
9 701634104
3 891874642
9 342546991
1 582410917
8 620893353
10 654158016
4 549433245
7 532921650
9 879488789
9 236689784
4 130534207
8 818954712
8 693004655
9 607474666
2 571856183
5 735528084
6 641927105
9 613538751
4 136564075
8 361948727
1 137579707
9 96485936
3 426413574
9 216251175
3 194736454
1 282261065
4 14768965
10 908479367
1 413100868
10 796950508
3 63205367
7 253582980
5 270966631
10 852209900
4 655730335
9 407879664
6 113247471
4 666068559
6 523992904
8 710317797
1 419954734
6 792214185
6 969817397
3 483503351
10 899435588
9 58662711
3 405806927
10 647216508
1 94035788
5 840175371
1 740208582
2 288035051
8 156723115
9 102492059
8 628877678
3 687784739
1 358119861
4 933461805
1 103342476
5 253660450
1 604602996
9 198050912
3 684496729
10 107111412
5 655079539
1 39389334
3 421495660
8 925343726
1 479672567
4 155857894
7 321369520
3 101464968
3 354802548
9 72680687
8 856418938
1 997924626
2 87487793
4 637195759
7 444465527
8 537309778
5 129310070
4 565753223
5 561121765
4 321224685
6 544156613
7 389360465
7 530614614
8 456570851
5 710332672
6 439977840
2 600191870
6 366646150
6 974286887
6 890149625
5 523639909
1 739777784
8 795396033
8 704952505
7 318154957
10 477735906
4 14223173
3 621435002
9 749001727
9 626111170
5 447287444
4 470324258
2 914985820
10 116715123
6 873195432
6 599582041
7 782814465
3 985945744
10 577261065
7 876316378
6 46053308
6 148471994
9 694226835
3 188755907
6 99514092
6 961918729
9 414627759
3 19889615
6 606366455
10 687604512
8 985479414
9 859294653
5 638410715
4 468283582
1 207793119
2 936653828
1 184199028
1 816146392
3 120710977
1 245781510
4 332992224
3 377509662
6 386516538
7 145497996
7 131930924
1 989653785
2 614751008
1 182795619
5 617846419
1 466881768
8 429551765
8 599851090
5 426444242
8 798121055
6 122793439
5 894007185
1 932300259
10 675794668
6 581175233
5 440715449
5 667724778
9 58847193
3 339567587
4 673450404
10 2286321
10 616051309
6 591365016
5 557086967
7 635918781
10 113545266
7 515634149
10 868753428
10 326723981
5 783850912
2 91935499
4 589312619
4 719556232
2 397314366
8 44119049
7 881709620
8 621996935
1 140330460
1 964614522
4 564196951
10 73240681
4 54384121
5 844893111
8 124608323
4 336776814
6 149607447
5 211810758
6 885876196
7 498344579
7 444036268
7 445458843
9 939348513
10 301032579
2 93579726
5 657621765
7 557233811
9 864444108
5 651377999
4 232562204
8 853997383
9 909558229
10 801854272
1 805334722
7 203991707
1 189891645
10 690255861
6 400511477
2 158090406
6 975062467
5 96878438
9 378813141
10 514290201
8 505961603
2 784650361
5 476055195
3 551665615
9 844111243
5 626723308
6 397830389
10 314163709
10 293867327
7 15535665
2 797696615
9 94871987
10 541467418
8 928472030
8 927528117
5 584571864
3 276667035
5 980997399
8 990942123
5 554207755
1 467567687
9 423494306
9 740630357
10 685642028
1 930395506
6 928055770
3 375135924
4 399310105
10 876033020
8 35223935
4 897067997
2 231674910
7 231658508
4 174546731
5 232511602
4 731299384
6 470949097
5 867461421
2 559706178
9 242815531
6 77454075
3 841006664
2 584772171
1 178589093
6 406274587
2 477646462
1 266638012
3 556040810
10 840294406
4 347451543
8 970286968
10 472107039
2 497267269
8 468836520
3 650706945
9 931735803
1 527060178
10 505817457
8 415230809
1 996840153
8 478531002
10 833222583
10 888164040
9 475048137
5 122579423
6 668031570
5 484047056
6 561043229
5 475435274
2 360852912
10 392286079
1 909398419
1 800649518
8 381276327
9 421844034
7 940406645
3 811536822
4 168941797
8 156518345
2 787314732
9 291855343
6 924544654
2 957643633
1 906023722
6 97924624
6 336952313
9 140761950
5 423881025
9 321493643
7 670205945
5 152959579
10 212264378
1 867719271
1 644999903
9 924597253
5 159407657
2 296597756
3 603211419
4 270063066
10 934731365
4 836435333
4 813651425
2 389264219
8 524584997
6 154864832
8 799027313
5 193928970
9 790973054
9 565374755
3 123393371
6 229431865
10 637476825
2 859659627
7 142145837
9 858973902
1 456618609
1 400905965
2 766594979
6 285927064
5 283013167
8 544846443
4 491701232
6 128369086
1 947264470
4 603841926
9 283270040
5 939351858
7 983462480
6 895632248
10 581118961
1 147847051
2 188685235
9 391693787
10 278702167
3 618272679
6 424727819
5 870729842
3 350426069
6 102207641
1 308404653
10 377917863
4 938759350
4 918118201
10 638743197
3 568284339
1 197598323
1 593575684
10 727472691
1 924038217
8 112278198
6 557397588
7 955990677
1 336188930
1 132270476
7 946618383
3 821661947
5 215889593
2 454396639
4 170197063
3 230874888
7 523850681
9 691464434
8 676025004
7 282215979
10 547703255
6 31167626
2 605090103
9 127051079
3 119058857
4 505085590
10 917281007
6 938873573
3 994328252
3 754021898
4 400542184
6 574053263
10 256951121
10 129530101
4 678641423
10 29849990
6 613288116
3 179032549
7 628780780
3 367717456
6 940757686
9 245854088
10 75017604
10 975563360
9 915248335
10 929134261
10 482792643
8 235969144
6 330366591
6 420569480
6 631426832
10 432989672
3 860087898
7 162423615
1 287699484
9 163503959
8 580006592
3 116355249
3 260355138
9 807610813
8 56610583
6 179719726
8 452394308
5 362604916
4 302936120
2 117234268
1 114821440
7 641060282
10 639801091
2 783690244
3 680582514
7 879855385
9 539154126
8 393295767
3 345099564
8 884594703
6 655997668
9 924495533
1 591785616
8 282355881
1 281114606
3 1526153
1 598779259
3 582736041
6 374876349
1 718640955
5 2505679
1 94934725
4 272266768
5 624221949
5 253022241
4 912497934
6 532506322
1 985446740
6 967781249
9 178914120
4 557008848
3 619250710
2 53720739
9 279025685
7 533828213
5 336595125
9 648780773
5 483964413
6 381271459
5 245243656
4 847040986
9 222134739
5 743222404
7 274944151
2 719449164
4 658123809
9 39279303
4 427919432
6 261200098
3 959436361
1 471692717
6 18784752
7 221737747
9 303474873
7 890170090
8 806676652
2 830605200
4 990531710
9 798190443
6 417399731
6 696628200
4 909665732
8 928893745
7 262229440
8 872189410
9 844337738
1 677488323
9 223018236
7 455231791
1 847836396
4 574475684
10 374534485
5 924737907
3 172236144
2 367243964
2 542596584
3 236605765
4 448675451
10 301490017
5 993164853
1 450735227
5 256922756
4 301508705
8 649717977
1 728393511
4 573345964
7 871936986
1 465858290
8 636127225
4 803212087
6 403150580
9 359358748
6 977398296
1 807697679
1 640526585
6 915192832
5 52299898
5 820743472
2 955000638
5 375558349
10 353625909
3 347836532
10 248789107
2 468404190
7 913208013
2 397647482
4 875947306
2 58872982
5 491825818
7 780645902
4 489071057
2 304231028
3 83797445
5 271146612
1 141457352
4 319125324
6 233860858
10 390239962
3 778244774
4 73631645
3 89467773
8 436374109
9 973917734
3 116664938
9 704691193
10 833302080
4 230890933
2 947446753
3 107476402
2 395559756
2 88427974
3 517609148
6 703224610
3 736879929
8 281203462
6 28624197
5 839150328
6 896968403
9 497739291
10 845971837
4 503129436
4 458171241
1 388513273
7 443071593
1 295093424
10 471224358
10 943508317
8 670747626
1 230418201
3 185689583
5 162895470
4 785309859
1 92605142
10 986783407
9 296311394
5 415950688
8 283300857
8 571016983
3 882903474
9 398870406
5 955927533
2 399315295
5 191430165
2 242304365
3 222568504
7 315173010
5 820601768
10 477923381
9 19947578
5 469906768
2 729425322
8 492644100
4 998762385
1 469614852
3 580368299
10 431882333
9 856756904
3 538775104
5 486110592
9 317174881
8 682484699
1 23663779
10 213287353
5 388605903
7 393288099
4 68862516
8 385047039
1 326614270
9 448556291
5 561618018
2 8875581
1 182817472
7 648739187
3 550120975
9 883668917
7 486632795
2 722196760
7 690437945
4 315445034
1 394597362
1 787076150
8 173677894
9 270745028
9 799319480
7 961640032
5 254788037
10 899850946
3 173194771
2 869598919
4 676610447
8 637209973
3 129465548
10 929899379
6 56515403
2 262247595
7 235319864
9 806584132
1 450959299
3 926171168
1 588580165
4 851331519
10 523186894
9 858825152
8 920421042
10 858405337
9 541472889
8 56590121
10 94077773
9 459460832
1 823794886
1 744178417
5 231715305
5 537094642
3 746792482
7 126591067
5 316992498
7 343447830
10 917160624
4 330808858
1 652777314
9 25673670
5 738006690
1 782691709
6 500587397
2 443490827
2 539606886
5 82757876
5 968500469
6 767729711
6 626392716
6 672892658
1 26325947
7 689659263
5 871830104
9 971769524
4 18635587
8 205713367
8 23363534
4 209167083
2 869808890
7 318151944
1 864518479
7 749158160
9 289373243
7 675940611
5 853426958
6 205559913
10 762604114
8 419003482
5 859677799
6 116347622
9 248325059
6 710045754
4 134187113
8 499011805
4 561407881
10 885375208
7 263504466
3 431495169
7 283572662
10 816034526
5 205532616
4 317153737
4 530896645
8 432140896
1 555983850
5 720169437
5 333982190
5 960755352
9 280019421
1 222540714
2 414535333
2 559839446
3 425664778
7 645267801
3 262889590
3 259853708
6 760709506
7 117442316
6 262508905
4 722598944
10 544984522
2 454763902
7 563764720
4 525712009
10 175623098
9 737902630
8 33617989
5 297441632
7 632923332
4 288998929
4 448604735
9 318291437
10 76780104
9 719584546
9 82936719
9 140148871
6 111605757
3 465803080
