2000 10
1 982171139
1 478339412
2 822589371
1 937097187
3 845414811
2 908894158
5 349161135
4 685809424
7 264329467
6 405212187
2 724183856
5 562549409
9 223536178
8 156004056
4 284317989
5 278697453
6 999309378
10 875244820
10 193506883
5 11888750
4 831645226
7 309827633
3 284976046
3 55798813
7 54532219
2 438109219
1 624235787
6 512751499
1 10123492
2 300452830
1 570652963
1 377096025
4 758517092
9 756843112
9 892565383
4 50642235
8 116669407
4 601479147
10 322989447
10 166564058
4 576880555
8 983250746
2 699897853
8 749999368
1 772065788
4 285627715
4 612167512
10 278141795
5 992127789
2 917660201
6 880601594
2 243119922
3 626921250
9 85806474
2 388811994
1 179721691
1 107292461
8 215365108
3 778341611
6 444032397
1 783921228
4 912290071
6 176587031
7 435608388
5 526545394
5 12606519
9 937456166
3 922562152
5 621271860
4 574294526
8 991977613
10 105787993
3 296991573
1 917508317
2 84243337
1 307245492
5 307592963
2 768488009
5 590583799
3 911506573
3 411739055
10 425630904
2 127874965
8 493975950
5 336770035
5 934556725
9 92992363
1 774328429
6 122012859
5 229873318
1 995906131
5 948270306
10 186719426
7 93855392
6 629104589
8 337255868
8 957798613
10 512316887
5 787707492
4 353777466
3 606214477
4 585466268
7 310359667
8 62499783
1 155420487
5 16222353
3 58815192
7 339059962
7 399807134
6 399482325
3 672400446
6 542411116
6 417549525
5 380491869
2 394767279
3 288713904
7 613886078
10 140208521
4 708893921
2 344239209
3 69482052
2 447242841
6 903433573
6 877706139
10 926766202
7 9741856
10 167093348
2 773986910
7 871195752
2 367674399
5 938042308
3 579578282
9 780582427
1 127856953
9 611096091
7 174544130
8 18329831
2 680142558
8 488981879
2 925401147
5 357476534
2 331759787
5 294405327
7 330290483
10 60847261
5 186527994
7 816060403
1 224916928
5 358128043
2 728249991
6 233103160
5 808538640
8 799495369
1 13292994
6 339023390
9 389312242
7 679588098
10 65459621
6 688926379
9 742980095
6 385606315
10 364590790
2 874317892
10 7929775
5 918307667
2 581160078
2 228601420
5 848938944
3 997036836
4 962377331
1 223265773
1 623936773
2 767785840
6 297817931
9 448386383
2 364773988
9 519862916
6 99868385
9 635426762
4 84119345
2 467885298
1 32821457
8 338740128
10 349496450
6 939930787
8 788284744
1 19895236
3 133729347
1 217262305
4 906742682
3 248975812
5 639101902
1 173078536
4 170745219
1 414826971
5 412584111
6 660765726
5 875673453
2 806982469
2 361780866
2 554886959
5 61607469
8 369873248
2 774079004
9 501200801
6 65422188
8 884484346
6 420803314
1 344140075
1 131765475
8 514119149
8 799405243
5 895269623
7 42219711
8 84452605
5 116906944
9 140667706
5 29313043
5 312826014
2 513601110
6 283739205
2 79090943
3 482755506
1 388382077
10 495863736
7 745408009
6 217024046
4 29769531
6 299850387
9 77309193
1 166502988
4 885480407
2 994909704
3 676899913
9 296876380
6 902576830
6 563488935
8 746775451
10 313190726
2 599555647
4 500417501
4 467728226
2 176097020
1 505945449
6 816856626
3 57988507
8 873580202
8 256227286
8 308647820
2 187345715
10 574547831
5 756961355
4 9772414
2 815499636
1 292613382
1 79175729
5 196836995
8 515288368
2 593211386
5 669267048
3 390940247
3 987047665
9 580113743
7 645539157
5 147317264
8 869517657
9 839345437
1 525237869
5 386693562
9 968779728
4 903667834
4 494078785
8 27064897
10 306030202
1 274491147
9 864103120
10 48164209
3 989644169
10 891483087
2 64903139
1 32114630
5 64000668
6 59681854
8 788353463
1 894481570
3 612611417
7 336741972
6 400367040
4 8638535
5 940473869
4 469251546
6 17993925
3 849559631
7 610397759
4 976353659
7 897457843
5 350164153
10 16525967
7 119661420
6 234703209
2 40441262
6 739528980
4 961034800
2 880992941
3 522641880
3 867680516
10 930489680
6 100209668
4 656619133
2 645169857
8 147192898
8 462732111
9 119499498
8 986490468
7 460075948
2 846451674
1 270609450
7 461122513
2 167308529
8 724065972
5 608865433
1 501099541
2 388980414
5 27428738
9 71341336
8 51818133
9 731733968
1 954423033
5 454663406
9 295148194
1 805878790
5 354459766
4 582552452
1 337595869
3 728061195
2 761266669
1 947591589
3 971672768
9 83948721
2 297510621
4 459425450
8 339327410
8 132531422
6 738123966
7 908111453
3 849301425
5 172025279
1 861725084
6 424484738
6 242065653
4 161239141
1 418952807
6 223728715
1 591317527
10 315900831
6 47086733
1 167087522
9 722273093
8 168606652
5 966178676
3 488480230
7 594902784
1 102146133
1 745640217
2 630538753
2 888183854
5 283791418
7 904660823
8 965541811
5 85973600
9 907870799
7 321843423
3 488821638
5 262011873
4 780371526
9 419220020
1 531809381
9 215509240
3 614271591
8 917491617
7 840392357
10 579310532
6 552560184
5 426430248
9 314648852
1 210547309
2 753596921
1 423973782
10 142368999
8 103660155
6 536727224
4 462566885
4 134981509
6 863107544
5 278734337
4 120367532
4 112517945
7 321416306
8 377849624
2 416119599
10 712387283
3 493609385
6 94244402
9 587419751
10 512799300
5 557168451
6 174534495
4 186481733
2 330797575
7 252217856
7 946758427
3 530651258
10 992957623
7 328094594
2 911647820
2 638287416
4 633447470
4 382608906
5 767862910
10 372802604
4 786840162
8 896729389
9 690540754
10 487454892
10 765577252
5 533773892
10 538501239
1 870953597
8 585213243
8 852009422
1 632889289
9 901857229
7 760136700
2 794737810
2 47635663
4 295637963
5 625219464
1 617066541
2 466581775
5 651110653
8 247936851
5 707467506
2 273532272
5 481787825
4 582207124
1 556614007
3 578325402
4 334903564
4 752827095
9 289649823
4 444005530
1 668146160
5 729882275
10 974689613
7 628519502
9 746202796
2 1908488
2 545984098
3 956985221
6 5789636
6 658192797
1 472034342
8 895203794
3 299008166
3 189820202
2 127744563
1 539172540
8 117475439
7 429643217
1 732532338
8 102017963
3 908350252
6 82424351
7 85630862
6 836334241
8 897414098
1 810098792
6 739587152
6 86102978
9 995827756
2 973401853
10 281212836
9 14761497
4 758842502
9 725991433
8 434196958
8 958420049
7 969335187
10 697410059
4 753715020
2 325568018
4 881614068
2 859882778
5 549919521
10 17801108
7 967181684
10 430928795
7 731854630
8 121926435
7 128927432
5 998495804
6 447762566
2 990580646
7 431455587
6 913581483
3 130865699
9 972861009
7 425819543
9 592732518
4 52980239
3 511884721
10 558113408
2 748388558
4 146111328
1 769134527
7 312438731
5 848370247
7 129586189
10 524242235
6 143398866
1 877404192
7 27605322
3 746273931
5 466529944
2 798999328
5 268654433
5 482679822
3 781371211
8 237842633
6 306177359
1 743427185
7 765064854
3 646831846
10 495311759
6 413722670
5 417197565
9 852220442
7 338947527
5 333658342
4 24348159
8 39148078
5 770741816
3 859190812
1 195189825
8 286812230
5 181585206
7 466422217
2 518774483
1 691828983
4 650230333
7 447428499
7 676597958
5 762132492
7 125623286
8 612881030
4 72724383
1 408918899
9 150711431
6 340922727
7 288279965
9 86593721
5 931604526
9 390789352
4 82600149
8 826276816
5 151809151
10 29928353
3 486422633
2 390351646
5 219835469
2 766753108
4 863129174
2 516277891
1 936982477
10 260155437
9 606904891
8 987055076
4 972172428
5 401168805
5 823152935
10 902813741
9 191208492
1 163888228
10 679978708
10 402572764
2 366149686
10 823131765
5 429855808
10 813691335
1 191972697
5 774884722
5 807636600
5 238915506
9 121347298
10 40115276
10 344897285
9 111724313
2 582559786
10 390297696
1 527243776
3 498747795
3 283889778
4 889150638
7 89956195
3 146363873
8 878259089
9 326137364
4 19734962
6 335029288
5 449555446
6 964901492
4 368324261
10 874859822
7 235246601
2 889706472
6 755610486
3 408955283
6 56420446
2 530099502
1 91097927
9 268585037
7 944426953
7 457661277
8 178906999
6 19224533
6 904084535
4 693519434
5 506327566
6 873487600
5 40694093
6 901941810
10 953375054
3 672374537
1 18779885
5 607553433
4 387820381
3 304825883
5 244350714
2 161894040
8 919504294
6 623383858
9 238065478
7 153759921
7 474158549
1 638358241
1 603705985
6 191738143
5 899413326
8 185372090
1 584532825
2 925263208
8 653784831
2 321067333
3 650096406
8 861778244
7 231206139
6 786422181
10 367503570
9 337389378
5 608100990
2 134906367
3 861791712
4 661836266
7 533330217
9 838324328
8 317927065
9 634396958
5 790568255
6 592515031
6 322054738
2 355550676
1 650387398
10 785809496
5 157205680
10 613926850
10 752502229
1 293653115
7 852866292
7 76314209
9 487827022
10 501274361
7 470433962
8 639445109
8 123985773
9 875305653
9 660169957
5 494252729
10 898606112
2 515153076
2 151513919
7 389475510
10 797095071
10 240323301
8 12556763
8 111708433
10 95665315
7 296361590
1 47798647
5 262066432
5 116027281
6 563778374
4 873694941
9 564541578
9 484064959
8 115342275
9 534995683
2 803060093
7 462443398
7 361200673
2 347312736
1 716403210
4 286427332
7 620744623
2 195119503
6 51952086
10 810023251
9 565628380
2 11155291
8 845996150
9 952855539
8 472639540
2 982930182
7 436265239
4 620580451
6 569607967
6 422781334
10 157097076
10 40359747
10 815132050
10 761556928
9 289449622
3 602246093
3 519294643
9 483077350
8 40503816
6 462914823
10 172749072
10 659264521
4 465310699
4 223960723
7 680193641
1 624510880
2 382846961
2 289337212
5 832073346
4 260931615
9 967410117
2 267672897
9 189622244
9 433946664
4 815602162
2 307414652
9 380565113
9 841107142
9 302167066
1 473282493
1 228983635
9 363009468
8 329235880
2 504902947
4 678496551
5 768666657
10 837171255
7 644445248
10 994181636
1 564106447
1 67509124
1 879684909
2 758329295
3 174385146
10 741524659
9 341029032
10 284335363
8 329793908
6 467392540
5 949181388
3 217744406
1 85077069
8 565618900
9 285929426
3 90451056
10 12915390
9 861469145
8 3672807
7 626382014
9 861218897
8 7771525
9 302172304
6 862481945
10 85008728
10 144521921
2 995456482
8 551995724
2 544718772
6 698203600
10 749075013
9 85756534
2 504021575
3 952484558
4 74080504
5 304446247
10 131811403
3 570180568
10 400621671
2 111285567
2 267351182
9 316997204
2 900496305
1 313102182
9 511459872
5 857499531
1 380220329
5 507466294
9 776054327
1 550447303
10 252627571
4 932190856
8 58120384
8 373959864
10 773004999
7 877694313
9 965006620
10 781350114
1 677348319
4 31045498
7 823888153
5 286817943
8 206898236
5 793933861
10 295010624
3 564550138
2 55520062
4 446121336
6 777807451
4 618625330
7 701153172
5 477226948
7 837980373
5 16903080
7 314995447
8 157311929
8 515923875
2 445318907
5 875554169
9 515849102
8 615972763
3 119574986
8 134992839
4 943953782
9 597771149
7 256513334
2 403343490
5 109065582
9 355739464
8 241996734
6 794206033
1 415153909
2 806037920
7 62824095
10 267483334
10 330366865
9 404426255
1 592929989
5 737716315
7 445273579
7 507957123
9 642091040
4 155758376
1 303068167
4 513682232
2 791574829
3 606360360
8 196215504
10 380745757
9 495394636
5 155094073
5 8624658
7 4900072
5 246064155
7 149874110
7 563937702
6 331918245
5 970352707
9 235641363
7 887529693
6 688219621
7 112843848
5 414668596
2 371666315
7 166238796
6 503823713
4 444142528
2 625173849
9 540568214
4 842101350
5 994347745
6 983555340
2 55649299
6 857155839
7 47862116
7 431991538
1 431980046
6 926625880
4 614494683
5 775968470
7 787544367
7 244821354
4 563436864
5 14209869
10 44771110
6 10244231
6 776928213
3 341890910
6 300619405
8 501297306
1 274995004
9 293286327
8 849399491
2 766828873
6 870138514
9 276614940
2 745567753
4 86773075
7 679115365
5 709708478
2 956266829
2 121109490
10 262235923
7 881107543
5 551924349
3 605489135
2 312815609
3 422288762
9 175242744
5 441421541
4 827072412
4 695466949
1 111554740
3 268691334
10 899826753
10 922616355
6 781022332
6 918594079
1 466812151
4 23690181
7 814939751
5 174493144
6 678080548
10 202586319
6 726163883
5 566797304
1 994497436
7 376150825
1 666867606
9 269545872
5 108899446
1 656201789
2 246373464
10 86730533
10 196261031
8 446718682
9 207866464
9 95457093
9 30206994
2 128167758
3 567272207
5 116793895
1 70336537
9 639896602
4 205577774
3 650835906
10 67936374
9 802998142
4 663194186
10 779516126
4 973598154
2 620524869
7 369540379
2 751073836
8 992869489
9 310312055
8 246557523
6 205900671
1 156024197
2 661866365
8 214272716
10 799623008
5 179558455
6 296968993
1 61861021
10 289805270
7 410939165
3 164420310
9 38013623
9 867831343
6 65236064
10 432048682
1 143666699
4 601012171
5 486458683
9 595211091
4 726865559
5 881998263
8 610098109
10 132167938
10 162552414
10 2716707
5 911855267
9 735754057
7 578117221
6 336094445
1 997136761
10 839874805
1 407471774
7 509741739
5 82813684
3 253565630
8 548212638
5 884834017
5 885986182
6 215281721
5 958093054
7 935463589
3 522101429
10 76257351
1 975214026
5 850980686
5 916080222
3 221895381
8 562096188
8 644843624
7 445676107
6 650277276
4 902000528
7 556189996
1 643194512
9 93977465
4 288152017
7 105932388
7 300641715
9 537611460
5 864651258
1 613140789
3 560270663
4 386377538
3 399262116
6 7871868
3 959014343
6 675794435
6 386901295
1 534206601
8 620175651
5 150537027
2 163934260
5 150345073
9 206740378
3 279704963
8 940233582
6 5997394
2 409827624
3 524718941
5 440810419
9 177921
3 578661331
2 715630438
4 250757000
6 292165756
5 1443157
8 791076494
4 66058585
1 24071348
9 245445668
8 445800911
2 62410889
9 342649456
4 399294126
2 732300921
10 278379438
7 832415410
2 904501079
4 60289909
2 467390961
10 64692954
2 14410113
1 841871779
9 987794460
7 572715313
7 285706732
2 457696701
3 956612356
7 898194578
7 338717406
7 981144285
2 704143189
1 631786179
2 822827784
6 864323812
1 931605444
5 396716891
5 899718459
6 143988811
8 581027389
5 943066731
1 21333524
6 997509445
2 326540526
4 227920880
10 401067136
6 732586903
4 77995150
4 298424949
9 730444950
8 192314319
10 268982207
10 73874658
2 51888157
8 673288951
8 678986935
1 11132984
6 300313047
3 952435165
2 989624221
10 563570834
6 745555827
3 933213188
2 642810366
4 911364218
6 560036508
10 217012182
5 308103533
2 395151202
1 371755380
6 125721525
6 815011458
5 493468321
7 985086918
1 714323532
7 553193779
8 938151327
7 958933119
9 876375040
6 725272682
9 728876778
8 506155800
8 427446813
2 64212465
5 158717908
4 402918508
9 55976362
8 667444050
10 371002649
8 530259388
4 235332037
4 660377354
8 711259826
3 444406785
8 4739537
10 143864460
8 40868920
1 907542010
7 863426535
2 871245780
3 150804114
8 278765638
2 310412157
3 877567727
4 962653163
7 626191281
1 493405698
2 398362291
2 638461055
9 327532674
6 227547658
8 561606421
8 805281469
4 241023012
5 844157480
4 600345205
5 85863343
5 190250762
10 221142401
9 720494458
7 732616720
1 486847032
5 570753313
9 559158772
8 147769785
6 610736307
6 506929909
10 45959933
5 928743930
5 210754389
9 9813625
8 418639438
2 298136070
10 812412456
2 877741694
4 213412915
8 898031072
10 700311212
4 990264842
3 885735987
6 298584128
4 641180826
1 152342965
1 753348614
3 327456719
8 682005975
3 12889656
8 708133343
10 437203925
1 408208582
10 726742355
7 970549823
2 480427687
7 784097861
3 135530467
8 821586432
2 790706030
4 334262791
3 355626882
5 968551816
7 530317607
6 503841733
1 15960342
9 197740918
4 699131777
10 913943754
2 152272225
9 431622142
5 826251441
1 81790937
4 853817109
3 277822465
9 937238760
8 300840485
7 734736672
9 899669611
2 449039804
10 552898115
5 738117000
6 803890836
4 770865306
3 383743675
7 872408451
2 334238009
4 989643608
4 894324046
1 116072950
3 294695909
7 618174013
6 429988280
3 126500760
10 510142119
6 534850104
9 708428107
7 155418123
1 767214138
4 646201350
2 292117822
2 649329186
4 209359626
2 783231408
8 422744805
9 970304655
10 117626088
5 709478748
9 25111010
7 914120518
10 323052137
9 469871732
8 121621106
9 238394359
4 382706385
7 814797510
3 867990387
7 123237788
10 226955156
5 229885198
10 977778243
7 49217716
3 757585505
4 746821302
2 212387069
7 805964516
3 529464646
2 337786682
4 587199762
2 942811694
8 942130413
8 580483953
9 32418310
10 550019528
1 203564116
9 198787866
10 466401818
1 371681084
8 265192581
10 3805968
1 195732476
9 112261214
4 133820657
4 227625441
10 849554320
6 445286546
5 184078540
4 950650993
2 350513395
6 280533755
1 737810248
10 861846752
5 311096255
9 108068769
3 295300486
5 128194113
10 725811861
7 510380599
7 196021965
1 556793498
2 923532617
10 55313720
6 180490352
8 147942674
3 499430187
1 147869922
6 609385217
9 670854264
6 646108007
8 281042114
6 519913245
10 667470209
10 696093754
4 979984066
10 423704871
5 448416384
1 262654216
1 626095934
4 464242620
1 94233678
8 477989336
8 338509639
5 565063959
5 578597244
2 780510741
5 811442918
9 823754947
7 774037148
4 500515021
2 992787257
5 114702902
7 764505208
1 157732485
3 471226498
9 371856429
2 171166261
5 249879912
6 208295220
5 376145576
10 956352851
4 587849593
6 979541809
8 509811694
9 956323793
6 330817288
7 97309256
10 772594216
2 972102355
4 66762362
8 715402538
5 949776918
5 423124067
2 483101041
7 443452723
2 99276953
9 96001012
5 268824675
9 899643898
8 910072534
9 189842560
8 201978036
4 384955604
3 869323322
10 415077753
9 82516632
8 819689370
5 928907580
7 345274074
5 926153509
9 604866865
1 216860242
1 689949902
6 801051640
3 796813253
5 618124827
6 483773060
9 917765274
4 734127854
5 327003248
7 637367085
3 364019198
10 273324944
10 985070452
6 851689412
2 562201541
9 192653050
4 271127422
8 747516959
5 600159677
5 716781111
1 620855571
7 208703315
6 386932771
3 598327290
8 769337931
2 438084416
8 576184779
9 796060353
6 889206423
6 496278816
6 874369441
10 604700855
1 543675523
10 324149304
8 121464672
5 820865887
1 379134177
1 667868137
1 265399283
4 347618663
7 168877756
2 475311922
9 399575840
3 942371141
9 117784531
2 542494950
9 428615896
4 395079420
9 519009671
5 106023006
8 106798633
1 929976421
6 79266652
7 986868344
2 816706015
1 369896736
5 458152110
5 851933957
4 325577474
7 341063860
4 694070788
5 244380171
8 563060231
1 103518616
3 684282747
4 143466649
9 264014929
2 953277218
6 414056350
3 754334917
4 632931084
2 605731793
6 227731764
5 313112927
3 506342395
4 197901881
2 886582175
5 865016427
5 376718979
6 306440266
1 807862950
10 620084501
4 25468638
3 141879139
10 534636128
9 307749436
2 613996691
3 391483365
4 14437553
7 302756672
3 195333791
4 530557204
9 142179927
3 492523785
4 971049091
7 261915414
7 513531940
9 729234782
8 937660809
7 890755599
3 679616514
6 19476211
4 380555243
4 137652021
7 815330441
8 912150977
9 90753898
1 961548835
7 945745593
3 31005340
5 434481355
7 767313763
10 310660624
4 857872982
3 907616303
3 946309319
5 878074495
8 93782062
8 257951263
7 28486813
4 887571121
10 447174709
2 411693782
4 967158795
9 168446039
7 956429430
10 457666144
3 20944565
9 259780175
5 752891109
5 94869517
6 65233821
6 836854517
2 521086698
7 167695543
7 327086111
2 676678654
1 603828596
6 412093429
3 730035224
6 92862903
10 569958698
9 658194890
4 387430035
9 427239011
10 300001904
9 646642886
3 489994068
10 228385543
5 732830947
10 469275508
4 670045943
10 800913963
10 891944073
1 793356203
8 245505268
10 807381527
3 597688398
7 35075355
7 549658789
7 472490156
7 915619607
10 562327594
10 846770260
2 656717289
5 647100023
1 519396035
8 146116155
10 491640980
4 649490005
5 536098307
1 883865627
7 605022936
6 586578576
8 44609754
3 177256661
4 392609200
6 984652943
8 192907947
4 938727848
7 982151753
2 157586785
6 836713690
6 448245634
4 991527128
1 512405473
9 686465783
6 376490998
4 414195668
7 195260876
9 460280702
7 816155995
1 861189877
5 519848187
1 479144614
7 409561944
1 692690129
6 774255899
6 854459330
7 873954800
9 884912651
7 392092023
10 574675712
7 636729035
7 77774889
5 341578953
1 33909182
5 911698470
10 32526748
3 226331203
9 456105307
7 352243425
3 896882584
8 540568043
10 342873585
5 219227997
9 933581519
9 982060919
2 287718816
1 86648433
9 871898926
1 276260061
8 286114731
9 578451536
10 378169331
2 598520916
1 527259333
1 935297296
5 184075829
9 162493153
4 715401165
1 4879097
1 821850902
3 952109024
9 621341530
10 482588622
9 475665312
4 864652278
2 435387274
8 973711933
5 855497849
3 40104744
6 849706995
10 500349456
9 971443334
10 151727726
8 603038927
5 135141315
4 683862164
10 533249713
10 399932843
5 965587672
4 978727984
6 443260894
5 215600720
7 979277415
1 508974787
2 495453266
9 875736432
2 36492472
7 42212191
9 286489808
7 524471670
9 663160555
4 608684866
1 232397566
6 990935967
1 448909981
7 445582639
9 516657361
2 169477880
10 736623901
5 620073545
7 90556039
4 37223469
9 821191420
7 897348066
8 160146996
6 916609549
5 952378267
1 269193262
2 44499901
3 293404996
4 493711347
9 761490295
3 936487969
6 521537448
7 725230006
4 157068975
4 745789154
9 462402896
6 139261681
5 680122223
6 563727760
7 201276663
9 888453091
1 781802322
5 498551647
4 574437286
10 396493036
7 146407387
9 939022435
9 415673940
9 439905728
6 878390525
9 581548488
7 918421136
4 573374103
8 257006019
9 638448222
10 852111363
7 792251931
3 294298434
7 727123756
3 167417555
1 609029091
3 231133759
2 689007234
6 539712904
4 861438440
3 860696437
10 232298396
2 730798779
7 432720235
4 800243549
10 32230388
6 687699508
8 60032547
2 928090419
1 613963577
4 101527680
8 682765697
7 709614550
10 436063882
10 72678290
7 562182535
8 17398623
4 845891127
5 564761199
9 416768436
1 297910234
2 637057199
10 164016289
8 417525856
9 297066036
9 97922675
1 808876861
4 398435931
8 991058563
1 676885004
9 885318053
1 66262021
8 359274575
1 665077798
5 340046352
3 882707064
6 307017003
7 78175668
4 188068302
5 196177031
8 873872622
7 906288637
2 398927816
7 42240888
5 741796767
2 325145242
9 385786011
6 738476536
5 918402907
8 939686269
8 542053666
8 711891827
8 522782025
3 358724320
10 60386257
10 909700093
7 199842093
6 706800294
1 297104337
2 940875107
6 214476797
8 974831246
6 231818368
6 508445428
9 497124357
3 710371789
6 754543004
8 499005320
3 315954413
5 998535643
3 154921817
2 650071869
5 615664658
3 738942449
9 242445715
8 954842910
5 333732107
9 402385916
9 453187345
2 806089280
1 292806885
2 780911180
2 394361587
3 962315027
6 822594774
3 495142779
8 824725842
9 102108580
8 443357245
8 814500088
8 465342045
1 26544869
3 924694119
2 138518309
7 665767565
5 386456341
8 20057619
1 792266042
9 82920903
8 31247343
3 287565544
9 655512190
1 740754004
2 713466705
9 500253575
9 91456226
8 154918793
5 291485309
3 972972657
9 546318265
4 83546296
1 638906579
2 341654593
10 596056283
3 860414822
2 998944345
6 53177610
1 748118853
4 180105456
5 248347296
10 857394561
10 742764374
10 558940019
1 474446177
9 562855534
6 701997794
9 705184847
10 679400405
4 700446133
7 33232637
2 865776413
9 457473628
7 782927791
5 111902267
6 457104486
10 861045846
4 661998288
5 449243278
3 55091729
5 55676367
7 585072029
4 952496907
7 648501086
7 350299656
10 165454321
7 100176031
5 915289130
7 487199551
10 12123459
1 736602598
4 298680724
9 464681113
8 407501338
10 487300876
9 130229080
3 63618391
2 637274848
8 127555174
6 14106977
2 654199124
10 839293193
6 963124242
4 882470021
7 39324535
7 366965296
2 843760106
4 764251461
6 81968329
7 654443260
9 794019673
9 161798751
1 678668110
8 86887201
10 977564693
4 363397380
2 232767147
1 308170979
10 837738454
1 903881544
4 87994251
5 783841735
6 536477066
10 598279772
5 798776307
8 591272037
1 985003333
5 908737070
7 703429116
4 142567866
4 104638560
1 19757994
6 353697259
10 980334110
4 436869005
6 888077096
10 345072271
4 953953227
6 48635437
5 730302191
5 626551550
2 782281971
5 733076465
3 854870395
3 56029078
1 681304120
8 364100954
8 485986282
7 140705420
9 849232278
1 942849565
9 665527855
9 292040807
9 95275231
7 726440546
8 982570429
8 714028203
1 300158202
9 915645116
6 147144695
10 341508049
9 947077436
10 214055507
8 847988067
2 988742611
6 371090183
9 311756590
2 650384061
10 360274177
10 687946622
7 913245681
7 418166468
2 518132068
10 911936596
9 282805954
7 187417723
8 907564389
2 212051438
6 149458521
7 260721075
8 808407844
2 297498378
9 406925562
10 699637716
10 539361513
1 103177964
6 484667476
10 735029874
2 306003114
10 247911132
2 789682248
4 943939540
10 83709739
7 410494746
7 406770940
6 816938774
10 288345013
2 432780563
2 133582081
10 655131005
5 561583372
7 16167641
3 571736879
10 231512469
9 248067413
1 614794430
7 227718577
9 368833412
10 495619364
9 2660173
7 319296322
10 568538249
4 610289206
1 618948609
2 364080780
2 216683198
2 915645133
5 864478610
5 266546047
8 555489245
3 482037651
7 758762870
10 298412408
6 252483839
6 258163180
4 940940913
6 994779400
3 989441785
2 955624003
4 465564852
3 888464099
