2000 10
1 953407074
1 215546484
3 637725035
1 961235086
4 755887431
4 714302065
4 669255131
1 677436350
1 576372516
1 175002308
3 713481006
1 176261333
7 712133964
2 543656477
14 437518003
15 433750085
16 374973973
8 383842304
7 915309689
4 581937640
4 680831577
5 765973070
2 699593474
1 452238113
21 491259812
12 837786396
16 393243442
21 981520097
11 541001392
22 764734397
2 596774764
20 392182496
10 506537357
2 259353799
3 154649951
17 350745532
37 444729999
26 433405669
17 128541481
2 626597708
30 353337143
9 505588528
33 209093500
3 927568623
9 38358617
1 270952336
42 403866415
18 628253375
8 937954916
28 46069201
35 861252655
7 524850943
45 812933442
21 426266324
36 12862026
4 695932204
34 99417278
25 483190222
13 318194539
2 8310643
57 810869783
22 237117878
58 398957451
25 858179194
62 500815043
26 509968721
66 849636455
58 587358643
63 599825778
16 594060045
23 706470629
64 259917327
67 575633733
60 113293893
57 207158876
25 335966497
27 818542193
23 586378288
49 568622796
9 910147117
36 622655650
40 547358838
72 813512823
55 576296283
34 838910537
46 710636763
6 546134374
84 673910072
47 831903095
57 334976166
15 432216967
63 156828832
85 428240040
14 526694926
11 414015364
2 868621483
9 851051214
43 859206960
13 555567291
1 878460224
33 20756760
40 28713158
4 371054152
19 584581730
5 825761304
24 117945287
74 660603225
13 666280860
18 231035493
30 785817802
61 727683065
76 487438203
108 735130174
89 660834907
87 619880590
90 153353990
52 930810114
56 612136611
11 580053032
115 417058226
63 485923561
37 624536519
72 653019383
81 649591393
46 820071674
22 782198190
115 543652087
109 948479865
116 157954361
126 882445283
126 713175404
79 738161004
56 320649574
64 128571159
55 526310110
50 350602413
42 42237330
74 258875632
131 851034374
45 726852136
79 454278816
13 312238637
113 410989750
25 339166200
98 797199145
90 519230325
123 577988152
28 764762862
128 872078129
145 129566109
67 420474625
123 35083111
33 822111138
5 951495341
148 248070318
99 572756140
42 210926045
46 827080128
59 360468516
72 422276921
73 874192543
130 492919889
64 288813017
19 212946712
68 368450372
61 955629
17 355219572
142 55749264
166 554296019
72 967963677
103 215866195
172 635997850
68 278061806
81 206574543
10 197682793
12 834745856
124 939076295
8 636987092
73 680353773
92 677119592
45 952764902
86 894994398
169 261234643
25 372357540
184 920492815
27 275138255
66 413310612
171 225078021
112 986921510
41 782413045
158 660687378
77 178890024
121 260580200
29 809325140
37 275326465
78 495097387
6 325505973
197 743804751
100 8315975
33 507000485
127 757823146
119 327726583
203 740990988
73 782465685
136 946809239
86 859479130
72 267314541
171 759702489
155 354273526
3 881852717
4 868195088
10 160905682
47 688816320
17 419826400
199 545183532
102 553515287
118 592995383
84 639748265
170 349754503
147 970470659
26 564071717
187 719467396
103 78149059
71 984743087
7 523248314
161 20923905
7 451548836
79 949708585
38 881781708
22 603147068
214 808863895
168 486579230
10 639084346
34 30546091
8 494278473
199 536159860
19 988398256
37 969786141
38 288406032
224 640073590
234 527136022
90 326483380
9 728281563
149 607952480
89 178449929
182 236976965
15 357465770
87 668172737
248 161054410
14 679021207
122 193742458
7 153773464
242 155360018
106 173702945
9 251581356
246 368220823
237 735481787
33 688596691
26 647736351
25 163502516
126 238453848
188 263914668
59 873681467
108 127386029
96 209638949
205 652464848
151 444505634
118 266901186
16 55182261
188 679190045
248 697627010
202 178962797
149 401111429
122 799856407
114 914133402
126 560804543
205 901278817
183 551151753
51 885155520
174 421062619
147 853118200
99 417434434
75 590466341
65 944862636
260 116374817
69 631630327
239 121446170
58 881167910
272 956560421
185 260755765
86 157869959
236 516693949
214 99619677
157 746491523
11 714866053
230 582275785
94 823605575
274 649136823
282 319958980
85 309711871
28 299289902
52 797556396
24 152529510
248 505987944
222 544690555
25 103745739
303 545533703
191 593128011
305 312556963
233 19481321
172 860402184
226 805757633
229 237626190
57 452443417
190 21246208
35 241156750
179 866995929
196 605313143
164 980716361
115 351905517
319 15948467
287 446594311
272 145036039
167 689504828
185 460718364
171 60485969
12 138178748
4 350703225
59 467944696
303 208087886
107 941089470
318 365541485
302 123751714
187 245116993
141 624245499
28 370661042
254 841994311
135 625476812
196 719697813
253 857242843
157 534217778
23 678313791
129 417345725
163 778416599
153 596681506
32 714946037
292 461957526
55 502161583
126 960338782
192 32642347
26 710148328
219 964558362
202 3855317
225 896816721
154 604952893
269 197089998
119 265441333
55 71232286
342 516288275
133 735664379
7 593290358
357 49615436
189 941657587
77 119726593
314 411777079
151 487151533
217 33329388
126 893729400
91 631356022
118 981228810
364 675723022
309 674226579
46 191907268
58 954215634
193 248823009
304 394302198
125 262132631
376 428449160
296 554423786
214 782199210
71 943528446
226 621088363
291 187881395
225 318594862
317 673870328
377 22082276
280 783711998
350 23873881
378 555766798
387 417859199
122 643706943
73 692194677
304 145405165
56 878619705
295 982522459
13 777824602
206 942365504
156 784144318
193 39002975
354 115789351
245 788075712
7 322073569
163 213073544
61 798793560
104 329913737
294 720971794
226 268183044
43 921824366
338 879185988
324 339421138
284 503405816
288 257339053
405 736626197
169 833314505
13 514258507
323 561645363
105 116482252
54 998980392
245 596953974
55 530265581
414 45277498
153 470837539
261 5055425
251 275287200
275 731666604
100 381508540
286 638388017
342 181664420
27 349625491
236 260049257
321 931933636
3 184706434
374 810582246
208 935527218
217 564595999
321 432380390
278 475162973
246 623800070
30 677786085
234 245602664
301 402981615
168 367769306
60 888153518
192 943593534
188 373053951
83 1539759
49 533764221
290 664604093
29 23969840
176 695948031
240 988349879
310 932711246
80 794186981
301 849124947
95 891612001
385 409921101
412 658921655
276 66392357
103 453581571
248 930502334
320 877430647
27 551414006
352 948027804
273 952033300
52 242560445
273 586746808
205 216508672
323 520112664
191 921978512
92 911692695
259 137229902
343 752550223
469 43169876
298 333602991
32 690251483
44 805395629
47 478883508
139 462090942
44 21442992
478 688138204
407 405869526
249 799253352
198 158645745
186 500934279
359 949577468
194 262305894
169 931535393
149 84220927
471 367960193
424 647545267
113 166183360
200 654899087
431 120539921
106 312873293
237 181127004
251 624109610
346 633784813
338 760244760
172 933170170
41 662295383
47 224530494
129 530374035
282 958122180
129 74801256
375 315870371
265 574784808
29 622408221
262 21010049
45 153271275
215 207646979
421 672357317
215 183625436
214 869257068
421 795461644
425 146497601
315 950015123
174 616519250
233 510773401
373 245287246
261 741536405
24 778567679
7 405325116
291 846636419
52 159984488
302 89126976
353 337111677
289 684775067
35 467276455
141 198758444
209 42207596
400 93274214
420 537749307
296 173743710
525 923994216
272 48377253
392 57733055
351 610514570
119 517976445
516 768024568
165 848546315
210 143402842
139 186619254
151 383224117
366 50309311
12 301591473
462 320691168
307 685598477
169 223465932
408 236186267
476 775799907
417 432752809
387 768549825
211 751030706
129 642121160
189 712952810
49 867864266
357 107376387
345 715843916
310 628543769
24 876608870
333 415715397
121 912880090
525 192372821
109 180792610
37 677726462
92 260880527
74 267481430
100 165134977
279 143903599
379 102878175
550 10991081
412 543202078
540 296237486
211 948729475
265 911053658
321 189734891
382 552204176
552 502365861
131 48320982
36 221746855
66 760800677
432 241813301
287 771035762
333 191181008
514 62593475
503 212382221
177 287942424
11 527065826
172 878013004
134 600490962
323 947813857
105 850933999
265 644693561
225 695968315
221 967042203
558 879865270
22 425092382
432 318621014
487 730528058
293 239884450
503 181304922
309 648241936
202 855125618
549 90010726
393 839692984
13 160593885
580 126857533
209 593100221
244 441818392
233 64734123
463 418246811
511 963246393
225 989827657
326 142279168
51 748689538
165 237226782
594 688642607
617 882085169
455 39232960
322 710406694
25 846425146
206 363160339
403 731200099
248 637957400
29 578376010
343 752682912
487 980344330
4 536545953
316 995585551
202 447008332
498 941692898
203 674236807
411 579993122
132 792416489
515 641038672
202 434219342
154 170375022
213 412551382
623 568047345
30 355430422
206 978962894
385 587231542
490 365664674
88 123619037
82 418244532
228 824653547
391 232255592
369 464730040
110 485099469
202 227359296
264 743844707
498 838026491
414 398459445
639 472420262
142 491975042
116 180901231
203 860163879
647 167431414
37 580116057
24 449529865
55 81628743
654 222475500
486 328917026
270 792595602
662 997257368
184 220960536
658 440103033
117 729890386
13 28973353
300 398262806
510 259678586
585 246623480
116 138843531
278 126305343
325 146470884
178 155296451
92 309928019
437 639246267
262 369090941
371 38961392
468 81938260
337 26114532
606 340239420
43 886832692
554 911860979
279 318295098
463 449705401
397 160606751
519 429680631
267 25251489
202 590670923
396 493776465
317 367849139
259 576916549
185 442153253
430 791154612
684 931177343
563 524249489
81 294169401
605 45567692
260 89954688
515 559837242
290 289699584
432 177158951
335 227466444
150 778053872
44 545811923
405 532309382
263 684323320
82 119271837
386 195679988
425 124047373
607 689985941
88 336534988
273 430843498
341 676791746
640 700118429
186 488343863
340 686577699
226 202215210
702 646937967
423 425081865
24 782259432
353 558741362
604 467420323
237 401795188
256 36062823
403 56348691
309 117357758
678 556492355
231 906816604
701 695364969
50 157950789
660 184338399
682 974415503
439 325853005
722 140685239
133 656658506
619 990303025
586 184125934
629 699926047
469 535928136
35 47515714
367 85487090
611 963774010
270 708236562
424 233170547
363 272938695
721 466040619
241 290949380
13 879795859
212 843193411
373 136562707
238 966999145
605 27168348
425 544805120
33 331117962
283 430483619
736 149656268
324 495942275
609 452304030
512 140326925
31 96725438
247 323562702
137 205905057
101 167326945
135 347487481
385 214733935
730 251426206
348 217121101
628 782841880
193 929448370
171 234983446
449 770989376
257 920398885
35 749343465
711 481369285
317 961076308
133 414555532
775 850601456
31 381974349
414 859115083
55 2665947
720 157050622
90 153293016
40 967121706
84 94876232
510 375098046
515 135535063
255 836235796
307 926180983
282 997698865
237 734784080
291 27052386
121 681231945
229 215197670
601 495556093
70 389495226
64 781043848
21 634292824
249 396803317
105 253560403
438 828910831
779 192436181
605 271904982
129 904355920
418 328837972
779 851386532
561 471833418
308 708015649
681 150832259
326 404484902
264 115682699
423 183191206
39 683410314
750 575134591
236 339241878
42 492320538
165 364747271
395 361450924
640 906846703
596 187070195
529 264368226
710 334761515
587 527540244
663 801858604
332 18406313
621 502603062
58 944002061
633 175785368
210 412591726
529 882875453
634 135975145
253 431192507
138 846473842
548 850153973
510 839251893
619 232959934
413 450477308
318 76581117
66 216854189
404 371952334
469 189083837
8 298096333
19 619856785
481 171502893
62 799662605
235 975901818
579 790078069
630 317518024
430 304067057
593 922935325
635 878174433
224 572792619
255 932788144
379 199647460
679 834422248
780 643830305
363 535190095
636 745407245
611 142119265
859 297324673
247 251779055
107 981762391
129 538087388
183 893010452
728 609172247
237 916363009
83 144986855
71 830316790
474 122197877
645 694873765
785 191604757
852 63373727
523 269757516
782 502877776
705 54307824
782 977306479
696 664690670
208 156571926
459 637872160
304 329257355
800 124857559
377 527965775
643 378728181
572 598328396
424 16993610
605 697407014
794 36063100
719 179970662
814 881076855
865 15508522
441 580421061
824 262892042
84 112172437
27 372259083
34 470582182
393 688965915
881 983815610
715 621444986
9 227576497
441 414200710
89 863554500
562 162717543
123 250444692
775 972386645
71 821295894
393 218944899
229 981061535
91 292468951
63 308118796
122 406224080
902 35083491
80 717240606
342 103066100
690 249261598
695 540533239
641 367481288
50 640724554
364 82507840
788 15396547
552 843545010
295 447373204
559 299136626
515 204286858
136 258584003
34 533924806
351 483803002
156 828973921
10 476505254
479 844266311
78 508203315
797 230634817
382 688630130
918 274086431
3 474416550
655 4498694
517 637466031
696 538693741
614 506767320
514 76279993
276 452327376
324 161148087
665 341932367
905 601623007
317 534785088
83 729694854
439 543324458
225 888657612
293 374812173
865 42050577
760 53665032
853 256062025
811 108855525
701 758982997
190 520361185
576 643268849
917 14315931
330 886918328
185 504602715
453 691376889
859 701762723
177 581150195
722 30713749
205 20032133
187 815449921
656 203946009
834 227416101
719 626666119
110 433075980
236 492163553
179 942923227
728 219141875
288 343018864
752 736090410
205 572064689
887 994830270
703 746426909
464 568167744
666 798422180
525 589573818
460 95543642
490 485747856
193 605650113
617 100527504
294 164084233
603 796849637
837 835577461
294 911891567
475 670526584
824 628887251
71 763744920
183 521166526
872 802249918
461 687558016
695 28679282
14 621887097
196 953005755
381 578202656
606 631130631
226 625597901
558 643268677
866 141069758
329 20825343
354 76640735
640 97625404
72 8898825
502 834201158
98 955567406
878 923162655
910 323274648
541 95053051
834 382606286
76 215726266
105 530731440
343 652258524
517 639616113
81 533357325
610 624223555
594 191702787
499 372355867
122 123442494
922 932136966
810 864881516
225 743371412
788 575873593
869 763218604
593 432884453
854 932224147
54 403823551
934 719736756
198 170928793
180 449565346
659 208607897
874 402872935
997 289090916
489 265228660
852 432128791
196 741158317
436 414930582
1038 303534390
811 12223148
847 320632611
630 560971255
607 501166134
802 392702893
130 910272414
587 140926185
732 445013857
958 339522738
1043 580917174
1000 95047183
700 246611438
694 48349830
117 909507112
67 78097683
307 495348335
699 821167341
994 510265728
492 495361605
374 891706378
428 992485176
877 902329799
244 41019166
7 725964049
753 306312561
678 828765836
961 770886609
981 581010712
704 161686292
1043 591402353
135 794765054
468 711697540
946 125466154
319 764357100
235 458326614
311 742146956
206 43501346
245 978847791
507 338808920
630 647974878
640 663406929
248 80132089
471 759444380
818 408501073
899 424727951
230 84071746
368 372041631
600 498141566
854 802788603
1004 802182307
44 582014920
538 301984820
40 941190870
165 18401051
935 292129698
1034 970971341
66 802212942
634 197329560
1026 258865810
1024 843119442
460 601808200
1043 151445789
607 666728902
217 438797236
564 455956415
563 700669142
758 529832140
930 912774715
1043 40076102
310 928794160
1072 357916004
732 819087028
550 659334584
148 138247363
203 32141323
780 614406698
730 453281024
902 721342688
307 86767586
552 332773052
389 924361657
1083 15552177
677 813303682
722 345725677
259 911198456
968 648854932
846 619448826
213 479072920
612 577847699
778 257253900
400 960083230
429 280928236
1060 757054891
811 310747949
1116 654902208
952 39005385
599 489964562
634 782562771
1005 251780562
583 120890322
587 78326104
401 154219187
42 104301522
947 79136856
1134 734516231
452 140390130
115 573637367
848 295845215
545 819167188
74 169879177
266 440702001
445 532488469
1133 793218677
516 887426990
203 580066361
169 89373379
24 436160621
960 288140962
427 196718699
240 645505155
230 373866579
1157 17168337
508 957260570
976 266559039
666 16730088
350 850520374
77 586959435
52 546419328
1093 99636576
430 283739247
142 520879700
1107 180781915
516 267999361
769 444804995
881 697860846
1057 177363291
766 738196879
802 33335822
389 562686983
1019 891220283
1075 608127008
942 511308785
918 728650085
1027 324574413
687 892791146
590 533491751
534 50938402
1064 612182924
255 193760372
310 404791668
1109 422707107
839 938720096
182 610131259
451 298732175
620 305235735
591 296656835
633 786706237
755 292235832
644 147941900
539 723875217
1095 924649240
565 600918523
1167 681699296
422 870856114
34 984953527
668 160992613
701 937376058
773 666642080
1210 910847374
150 901900147
84 613331393
1178 242345117
404 422454780
401 574261620
760 893533052
19 192757999
651 352383619
1027 93402822
494 181180129
669 729418129
79 356109925
594 823501435
227 142515852
333 844922102
83 49248872
59 584691966
445 8082583
290 748199212
474 447473741
983 113830382
608 405842920
703 804765209
315 13796551
793 700689144
750 236808228
287 413099234
856 830108297
401 565282169
895 604762730
665 308866492
690 893443882
1028 982873303
532 964047212
663 262179183
1190 150320710
1169 436230229
1006 387506585
930 84551040
1190 127012908
1210 348197514
587 966144847
1123 471812839
763 640499375
731 227437981
319 301804810
1120 366147972
833 50491701
268 359942744
223 885363881
1228 292734950
1063 755318509
875 975214906
369 129395372
1153 46127592
532 192652811
953 198213498
297 560635127
126 763359861
556 546025452
329 154436236
901 308472611
1254 5943140
388 570870576
449 945541505
580 214908898
225 529839096
659 80839061
626 649984281
58 721299400
1099 383263486
162 826818393
970 978416929
61 800987193
1270 426632167
139 78718889
93 688482225
256 661555703
116 5821189
334 274348318
1112 613387924
715 950007007
1144 39860319
66 335295777
359 304428131
864 145937830
599 310795928
755 983998242
1040 352882594
525 506153788
846 614650615
760 937227003
864 369021515
80 686816480
325 637857777
333 71436233
1268 475231129
1253 741137444
1152 701163016
725 387053722
1071 129346961
329 553897992
868 164015972
725 585904069
767 916533109
470 368067205
688 712697349
872 792726226
655 890526478
508 933331010
294 215443556
911 51439616
325 882386487
825 205540074
410 232480904
511 768727341
1221 400821537
762 190478161
522 430399551
487 592034265
525 643713251
866 242164360
540 440285571
634 913647190
1294 23599589
1256 668598403
912 621493659
1305 350429930
449 934958806
973 138331643
266 86914437
976 674308592
825 391201658
593 114475448
70 89594481
776 683257973
662 485602149
886 354243375
917 133927241
649 418458624
748 192784012
900 532927609
39 288303675
1059 963454000
536 801853120
320 648748775
170 872330811
949 327879805
45 691174811
1264 738564480
614 333326438
778 453530296
1088 851464188
944 213295247
1257 728907046
305 596546622
423 931028102
478 234416123
376 45548915
1357 289340580
582 892489067
1151 60688803
1228 874853162
733 6976547
1272 708604104
470 27314817
507 222052110
754 294293502
1088 279236388
654 220429872
213 328254282
692 631757219
1354 190926060
1304 475633592
105 630011352
584 969281096
998 517958856
200 806270516
68 503756513
822 641602670
1272 76128177
708 718721910
1109 310115917
891 519498799
219 14079625
1156 724018663
89 177816891
507 478091439
49 125928614
1241 281273070
23 669451572
129 827235756
1112 419131467
865 334502141
32 477999173
664 197253186
155 654041886
760 84654093
184 914708260
1251 116262308
556 854180440
1328 84358335
665 590316940
1275 284077432
131 733365429
1281 527378667
58 39971549
1149 727161405
1188 727432644
169 566820096
564 234304212
1307 352212980
1167 965852783
948 695742625
1040 22025325
226 616868505
859 784284067
848 987417936
788 122664329
324 157570550
480 493052657
953 845870350
825 117348890
169 370362934
75 423523314
1292 465117330
52 413764471
1312 834004175
708 868476885
1271 196244454
841 183427966
1433 650909909
370 112260391
835 20701968
1333 537278321
416 829659375
1024 995899577
152 715749597
558 465729781
516 281783460
595 358195896
1131 883383292
157 338446653
108 28162226
976 854953084
498 580131603
684 509194632
324 444039575
147 867334417
833 401717576
1163 375502455
228 894274074
459 933368409
70 371827353
410 896033030
1279 289566354
1372 881584236
757 379441141
1234 502651065
1313 139468860
1258 521496080
1363 371364622
286 149508520
760 324438433
1379 844376175
898 959699930
1210 39130526
279 573677938
1156 785745681
1171 555741619
978 684461288
1396 211723397
695 440030298
1026 136916653
596 381749038
836 219679643
767 464800107
892 93815333
313 251396042
1340 898192335
726 578553159
491 121780650
19 169988130
807 312707756
1495 447208983
479 649775344
682 330831484
2 399988099
771 463446937
1110 794267801
828 254772856
502 688467075
907 25863627
460 552674216
329 444820287
955 805505903
425 476761784
115 194335235
392 998469350
268 189181751
874 182012201
379 31772800
469 141930699
791 35065536
1341 492002855
82 464107830
1365 681922995
757 167766377
1204 122098612
260 603995168
487 153799930
392 383977084
304 566738303
1166 860802393
689 128980571
257 545405997
529 120038371
886 333393247
551 772711382
53 707300144
811 312328736
217 958336061
16 773586347
703 956594655
585 277236466
802 662095993
826 917049309
300 461625465
1256 435108479
1209 614944058
232 778033776
305 541185479
1416 489756669
552 398926082
1186 404236542
821 978936263
1446 941599087
1231 65613790
1249 327203826
1318 616101738
1028 776361174
280 538077359
1500 399475304
472 900865538
80 464395999
1130 705996198
216 702293478
412 191192778
467 804843776
1130 598526324
52 796525894
1030 255550073
274 62908808
1492 412553611
366 995154666
77 735153486
35 124076176
213 582830213
176 583755093
1168 888741987
1321 554840096
1215 239695478
987 588582607
1208 479957132
845 175424532
523 344832801
1034 28479050
426 278884368
604 447377037
1409 293863846
757 342437196
409 888633585
223 452555852
378 300464805
117 141091605
564 877455751
1563 347891346
184 3677218
392 987035761
936 656934367
836 614897736
1379 134058419
96 956583929
1094 224273577
542 311240051
668 234367428
50 969332378
378 882066458
506 261618642
614 444742596
614 378630828
1481 164911865
1192 772363272
927 679397028
705 686689301
637 232194684
978 180193699
418 583568746
968 65283338
132 916706788
1203 87904219
972 971058925
1328 919033688
563 493687013
996 328668410
424 425131114
632 329665745
371 111565706
1160 526080972
538 911689212
444 819617716
945 580424082
114 679779396
841 828055875
210 699690292
1098 762347795
1437 361460878
738 494163018
701 196411867
1036 755426439
410 692928019
307 251323270
435 695495754
961 2425508
439 986425790
616 382316616
228 65992192
1622 373730975
889 938351788
286 339981798
784 994238253
887 66635211
259 610782694
219 140086517
315 738074395
509 50065553
1363 454937295
532 639670198
457 291165784
168 341730682
705 631867631
125 400037841
71 836049053
593 517880951
1472 656755562
523 109520223
1083 963244899
864 812986772
384 580608959
976 268535344
1171 663667938
564 521734503
1539 936001039
797 879416904
95 19457259
890 540191486
596 44785674
1337 776543968
337 604662242
1045 221161905
1619 239106042
248 312635777
1366 783742816
371 741365542
1147 736232557
1544 898825615
866 946767386
551 872540925
1037 661759313
1309 58887958
376 703418979
1461 564750941
962 682949801
665 476190502
1653 849151309
814 326268437
125 763150325
603 486822667
1025 752298025
38 546838864
779 375529268
544 475045339
94 131225531
1554 506510512
914 484820983
36 779810572
1649 341812743
167 777285510
967 89715463
344 468660436
336 397366511
218 287794100
1527 139171932
1518 434034867
787 457848861
1398 561140196
947 627906967
458 234451627
1018 757901654
1466 667306403
183 803636573
146 904009084
1411 637339299
1021 114636867
377 679920896
198 157781224
573 909307457
312 112245915
1285 329195320
1368 382460582
27 272574107
1130 882705438
1581 432589695
692 558363817
1528 242684836
515 765790482
551 154861949
392 935946282
986 805204090
316 102527016
381 977135403
1324 261692850
25 17834036
1078 823434122
341 824131489
385 557670680
1453 294507445
363 905870595
962 860039147
341 27397856
1452 108937605
1048 587620121
780 648914810
1141 198130428
438 856731164
1075 768127763
379 35615081
192 882406222
1258 133208938
337 753338954
927 291243430
34 358357353
454 709343267
1441 814849604
1672 841846954
226 168009074
872 165592848
1019 247106952
854 59996907
1353 605526456
1158 422344711
1314 45845708
1336 230671232
16 81666302
1007 283734978
1418 16386460
903 636571600
1218 356195073
1488 369109637
652 233136427
1340 519209600
413 346956080
1080 670623263
848 491716203
12 658203337
1620 614518320
1419 71545853
145 675927541
285 855840511
184 314451997
1084 344778806
805 298425403
176 44269243
593 945958
1363 559384787
1426 270151417
892 157344600
1304 130600209
980 831158982
1753 75328528
1640 820053572
999 984259157
1252 25450782
1547 310622993
1324 451929499
310 991326662
164 339828915
604 703802449
1647 813034770
567 238663462
353 531846148
304 871021387
1262 434300683
1002 404910939
1509 718565239
784 763117321
929 381109555
353 771305984
1184 334164438
1550 901590790
475 201945191
1692 261887092
1117 798581678
1056 203247849
1647 782690412
68 188389585
102 515647296
1341 646993925
1609 226311652
1515 154619968
1374 574726630
1785 326876678
1295 390013022
290 906445961
1265 386175809
577 358730151
1340 232634563
1169 720168743
364 865069142
66 550827984
1653 521015290
441 166220824
481 637661896
1679 884126246
213 679471352
816 818077629
727 289554366
1729 453447703
1784 580404865
426 415775762
726 426822830
1633 615114448
929 3857162
1025 215599713
815 977314199
184 818521009
387 565348587
109 841496579
1778 389146829
698 460841046
1044 599437897
672 784952285
1158 375488778
1396 71376644
913 742402040
1082 98210187
901 713055668
68 968033327
1105 910649866
1700 14595310
89 745685537
850 161708391
41 47896191
1792 306537451
944 16619446
1713 949342982
337 287806073
647 613166533
1185 693398344
355 273305393
1099 577528929
305 46635137
807 722970125
422 420246544
1095 635333426
1307 385970519
1333 273294224
79 938578829
1807 47777263
59 956513469
1492 928855969
1651 620316065
423 10095222
1865 582030005
829 989963371
228 850455372
1200 991459010
1103 518798012
60 190818065
100 384967584
641 629824371
1565 578010664
1094 185809677
954 406645588
1838 967035930
1629 794033372
289 745774355
1658 213009968
1098 721678262
599 535473026
342 627778169
1081 859482850
85 944291481
804 75448686
36 362664751
1074 580237608
1068 661123334
1414 145731055
1549 555755028
1593 584449175
902 311851968
390 231180752
1734 439325147
1613 630554354
1494 309776465
200 504605200
76 666545386
486 701225066
1488 674318735
513 88191579
1877 256940787
932 969211632
845 561089247
1707 766725595
274 813021809
1006 763099196
1014 377032409
1286 176968130
1866 699712143
8 608911248
134 176785358
1536 850571090
40 975738604
1833 797998934
968 806455816
757 356214668
755 293801984
492 672276431
1054 864203715
838 918827105
962 262851479
1671 395933606
581 64036680
1182 351024015
1081 716573078
69 785891901
1884 256276410
531 849842756
973 606109228
1416 833569220
1050 22887771
1232 724584940
365 942473059
1466 143090864
104 897984847
1765 101366624
359 665019938
70 960461257
510 109278867
1292 228443862
676 568925547
1067 692129877
908 748235509
498 842181753
281 529098133
1582 195596268
247 493971400
178 346796973
1759 111073601
1360 928339603
1473 951021484
1688 171742512
1155 125069998
761 497620455
326 211084347
330 233272694
1335 66012418
1511 603865862
871 352199871
699 686417763
1114 201724337
1651 694643790
1526 530687068
1020 869277727
747 420710823
1847 364282266
1557 202164977
1413 939930696
990 364564408
180 634943570
689 548304605
1960 98527785
263 510047125
1583 874560388
469 564022938
25 447989915
975 333953228
1341 20590782
344 706608972
