2000 100
1 642903131
2 493932554
3 729672106
3 139719459
2 280052758
3 166792194
1 212176217
1 152280167
3 386337476
5 316879918
9 653507118
7 677551132
5 601696566
3 546662687
6 541069540
6 396906068
4 577582285
9 318032307
1 842401096
3 531720673
1 620148977
3 718091355
5 63715331
10 657907283
9 307044292
4 328202379
6 3901079
10 426845384
1 730530452
10 847909864
2 319827004
2 789102978
1 103265170
1 66710000
8 644775298
4 198790336
5 180107113
2 361767860
7 534255239
6 428483801
8 914937691
3 245187593
1 287694142
4 144502790
9 266228387
3 922195263
4 230091097
1 324040469
10 317327104
9 259460522
3 520778108
6 826056467
2 555766918
9 4712320
6 538872853
1 159714448
3 546544948
10 782608974
5 542644899
2 283233342
5 342236434
4 729541502
9 390898586
7 758389688
1 324409225
4 472171575
5 636802677
6 360099042
4 350376806
1 258755848
8 20505473
7 785006444
7 92233697
10 738877590
10 621457066
8 452753397
6 157484845
10 491401501
1 355234598
5 572314910
3 25442525
8 142046750
7 840997585
4 643643216
3 576554465
3 756520810
3 494844344
6 396423846
5 591282644
8 81396825
4 474017216
10 584177228
7 207697206
8 444862858
2 590063376
6 474684647
9 237790352
2 197554062
7 152758804
8 8091879
6 845583458
5 869142389
2 815875123
2 832293713
1 970246869
10 447780215
8 834379912
10 744247762
8 447062108
2 131536954
3 477051372
4 19417597
5 986613893
2 512496754
3 159282332
1 452029524
5 732559369
9 676796785
2 577265163
3 118217672
1 927889535
10 761475956
3 899106663
1 220992890
2 441258630
2 211428062
9 806110625
1 958329575
6 680448069
10 296879508
6 26016538
10 934132777
3 684683319
1 460429678
5 357846748
8 640861098
2 899540282
6 220882242
9 46834182
6 246131750
9 617172718
9 484360155
7 785911081
6 410148005
7 651410388
1 283516972
8 575425426
9 312140371
7 593330688
4 289724010
5 95047801
3 3233246
1 495598629
3 786812618
2 608437809
2 278795731
1 221637718
5 842669382
3 338907690
10 366174603
8 630398863
2 114245228
9 794647942
2 769508920
5 85356632
7 183046696
9 759087647
3 636046844
8 838240170
8 396701243
1 794425512
5 552268739
3 525478409
3 38709384
1 992099870
5 420826292
5 692259964
1 826152342
9 361592695
2 717116837
7 302538975
8 930718964
8 993418426
4 510395109
5 585651397
6 613290300
1 833217761
9 363266102
4 869844663
4 840235028
5 651098210
5 337414189
8 842333090
10 611040789
2 696407924
2 225026425
6 206396338
2 61129699
6 581546705
8 933635231
1 19892539
5 719985569
9 645523207
7 655037718
7 317135355
1 687915901
2 675407842
3 898888968
2 892192746
2 633439759
4 796056126
4 698194708
3 279347374
5 322914571
1 350762208
7 109701226
5 361444949
7 511243788
8 480277091
9 71344388
10 126044556
9 467708047
7 994037944
10 67305995
8 483763433
4 195478263
10 461450032
5 943842440
6 824874163
3 632873839
10 702799123
9 464805696
1 557451909
7 98067256
1 551750884
8 512507561
5 374528862
5 960993304
6 322485066
10 862978854
8 117425988
8 928599972
4 914892036
3 64300153
5 715256954
2 945394809
4 70684957
2 627607320
3 379582387
9 145722654
9 546879949
7 13719643
10 587217756
8 128601954
4 422300507
1 537457096
9 139318016
6 616893523
1 464780576
10 372013006
1 382354497
2 402609314
7 804485444
1 639334729
2 701072510
4 674129332
2 326664462
4 57384874
6 238628081
4 146231919
2 962538457
4 922409915
10 953512546
7 181433189
6 801480432
3 697106970
2 169237560
9 936805459
7 240910064
6 616164624
9 244188620
10 111505806
1 599853625
7 875007677
2 499875679
5 743904801
9 134406969
8 829048576
1 46132923
8 342838720
7 582842296
3 486917580
10 758991260
10 817137897
3 418525436
9 848450676
2 82810270
1 509478207
6 259501939
9 459911504
8 843926948
8 701805754
4 738709207
5 212486178
4 119699393
5 11026685
2 536691276
7 929032225
3 277053635
9 274861655
5 981455868
1 140629357
9 256599630
9 541293374
3 462515682
4 44793207
10 690724977
10 646380462
4 173293783
1 713311645
9 646610686
6 223638918
1 387437689
10 751196869
3 222811010
4 109707147
6 111280374
7 717518633
7 522427829
2 435924203
5 224813585
8 243052623
7 302302084
7 739556791
5 83377171
7 795347635
5 367883661
4 227765529
9 594624081
7 782380342
8 281172440
2 647347331
1 343140107
5 346637001
1 332485859
10 275904782
5 20930545
5 586011670
2 907848719
7 410098900
6 891901550
2 913522001
1 464074475
6 634605402
3 634168039
5 398049034
9 342209772
6 949219923
10 824734212
4 715135493
7 410496481
8 507406113
5 793898447
3 627881055
3 980934838
7 296750394
7 897640236
10 646519395
6 256709485
2 547313136
2 898131264
4 181913537
3 814621968
8 272336010
3 690230292
9 123404183
1 29447154
6 482231695
7 615417762
10 685670621
9 235516488
7 145041823
3 694660570
1 197337638
2 637359238
7 268779655
2 939599501
3 597648016
10 124414781
9 998099181
5 79274788
8 710091598
2 279322030
9 92329020
4 552232095
1 510816968
6 548525163
8 82667168
10 570051374
4 686709800
243 838043567
25 844199313
301 348726369
284 793239963
124 863363268
303 824651835
297 253202197
63 500343251
369 349038032
186 284280162
380 396549051
55 958072315
125 116244190
132 306724697
320 329414430
288 361169338
375 157460602
383 383967065
41 77071293
121 535700470
320 138717411
282 431663009
122 586814765
35 65879340
89 251334745
103 674198247
83 409115776
255 543692359
290 437547464
343 580182944
324 91903567
46 313421508
204 573749228
26 8580700
255 312993991
354 392754564
105 717100578
18 561074399
134 467405745
346 272932643
89 871093817
47 744122833
264 849560306
297 887203108
157 115011403
195 381317225
55 771431721
175 385680091
103 198238599
207 126528623
292 650881551
141 563232120
295 453704725
244 651748897
207 132159099
52 930254529
399 513071054
306 675029132
251 879466845
181 444999508
111 154102691
27 249207186
280 306907724
312 572938252
286 813903209
267 877042114
171 745905881
38 942075170
173 315537502
291 344990015
78 135413949
95 181995439
239 699496644
395 533080996
130 500354026
301 225861985
223 541535031
109 478772374
32 623801088
104 146349978
308 163275090
17 513240753
319 883127032
139 42289784
73 674890499
144 348835732
347 425968132
381 265963188
277 865374445
291 319906022
155 779718545
328 90180962
67 209357442
116 262854201
40 726275585
101 887061062
250 444654565
107 706435332
300 288926137
124 103062603
261 748507235
353 164210589
368 396992358
359 848273406
59 443481139
192 231455878
316 165087810
287 702295612
135 104841489
271 996530312
72 58715539
337 492503082
316 683931321
19 872699083
240 466232202
175 350520377
82 342610650
325 245757375
130 225528621
130 520416387
400 434608848
373 842535904
115 203332015
44 169005574
111 929946868
258 776361412
338 297483264
103 134216884
12 646834038
158 603396800
323 174820862
334 295820318
161 231836729
306 127416151
193 442732161
249 538003874
101 734109898
390 879137432
228 479186817
376 736513588
178 952938244
18 929472552
140 16347241
327 110307665
104 507950551
47 478459840
353 489809571
375 534186302
293 883247888
158 334638122
310 926771244
328 329952728
202 314836896
207 166598297
315 39431968
301 59801982
344 12702226
386 357900955
290 275845164
84 521500117
32 8657964
138 523043650
251 132529763
289 982319811
99 85716089
392 42523676
392 244071695
275 416831787
65 363238160
363 972557269
345 675276888
395 758670443
173 798818238
277 908824086
239 337418944
268 526018780
326 134644061
264 471382536
316 676919981
37 269348270
286 472299225
147 76871125
208 613441194
215 286550307
359 416667194
121 544033758
252 642225391
389 130756710
144 84754402
266 932520303
274 374580599
61 556419262
235 113870276
213 259974496
179 606750202
355 978092306
345 211274171
247 308827159
118 39188623
195 571648058
350 106086211
61 169823295
278 931302996
286 173373457
220 391714997
113 513995556
76 754777421
138 279699085
44 766260556
396 650363853
305 106644038
162 84787184
120 539397611
199 383661516
110 382223633
14 89160048
136 830408228
106 542398857
380 177252541
279 605589949
374 861717933
272 843744581
149 957273603
310 538298519
219 369107749
160 152912091
160 789745811
69 412380400
159 790247943
115 182368160
71 321866827
204 376738717
171 594268713
340 573424699
355 923095582
276 426715788
217 220180257
385 810063643
80 650536713
349 290296977
211 779212004
300 548130232
379 258815592
156 384481290
153 254852336
239 856031805
272 634539902
266 799693012
169 398850684
329 702431075
304 282906514
154 742768563
292 769442743
142 568338657
43 427494542
347 803214378
91 155721042
156 303846724
307 382154593
79 451424184
256 348343969
118 19132017
344 302883187
39 294294996
307 114371493
92 354157932
236 821790624
260 233640128
36 760691636
30 240432876
215 954435720
358 605773650
66 354612718
148 90334207
128 426975266
345 429970661
68 721933107
266 665949733
354 91308840
158 373039565
213 949664931
355 490495736
76 968664759
55 603412040
201 621519728
63 539678549
241 455823531
179 811580500
14 66993384
144 446522470
304 154313402
245 197746442
135 175760183
198 929542503
11 254586833
285 207707811
53 756041217
179 907672529
195 808456472
139 6871244
216 647476338
296 256255129
265 811129319
322 7807487
225 89468550
86 698329232
142 431223947
137 44660282
228 308357758
68 783613012
325 630821371
331 820377479
86 985529528
327 214908801
195 274102306
150 724222810
283 838058112
297 402650861
288 94566678
21 216860315
186 503106716
290 949432241
132 482497663
143 560980863
158 194918016
380 260450582
249 508222541
174 772073350
302 162366886
238 267603829
391 592731248
58 672887750
309 421695147
19 513365061
136 29896773
62 949381520
202 792560567
83 674430445
53 736736977
273 39180060
232 454755578
280 662557504
102 86590061
77 226110568
390 257322363
42 345773208
292 952743529
75 853847008
383 557591439
114 46467794
57 523804489
163 764763253
218 629843361
249 628426215
254 301779274
47 435738324
226 628494841
104 611219393
74 76519825
392 335454310
270 545333501
153 12660620
265 185580422
263 910639608
313 672249035
132 99596451
338 547877789
197 877710676
155 450730363
194 113033656
319 782484228
26 887076869
156 293233690
397 422385440
184 529669273
64 69301825
375 935670316
93 490259229
342 260216065
224 337907372
244 518424203
91 788051652
19 937221363
259 239016495
219 204443119
320 987888050
120 826138224
273 655057268
39 770895623
230 84629386
221 929068427
308 909467003
384 334241608
293 601089681
219 913227731
357 855035519
79 67431946
54 494331903
45 816660815
45 996523013
236 324417535
274 777757301
105 74876987
148 496298959
50 785563339
163 817044152
314 666914151
84 947732570
233 609588381
177 307175957
313 951103968
38 420718204
138 931508658
357 200818363
78 977734630
227 777329874
366 962091221
329 806438750
339 883045517
19 598341183
285 922535917
228 139478857
192 15128328
209 112956090
274 467292654
337 582397600
319 295035033
132 233799747
149 753867307
75 465538651
125 623363587
358 37174688
183 796341018
77 59434360
338 739329477
195 962627928
50 262946552
382 857049177
33 570343529
216 116662805
137 497934509
384 96223574
395 870076049
343 67010707
171 203439111
100 176837835
225 672088988
320 515052242
41 858783876
363 961433514
292 339118969
21 440337444
196 39160133
53 247171208
62 965633839
32 59624214
133 668829551
356 145889749
125 943786651
221 607148564
21 732589973
159 729213557
83 130834134
53 540535519
242 725079319
363 925545645
145 99689950
338 96265671
291 995782171
288 151857492
400 356567605
380 694018885
98 491662243
134 218009270
201 789481658
45 272720190
200 806062003
359 312762874
357 196138211
381 575385338
188 342738301
284 429377449
13 494389041
373 202150222
186 740476107
205 302438646
314 126485428
126 917791981
297 141642487
340 950691159
101 119266320
65 945296709
322 731687335
394 447769346
231 868811956
184 270457781
255 723367336
264 289657759
170 66476793
171 671372122
345 488568295
247 392676281
165 41755496
100 515957556
88 817217337
63 565178414
178 643900320
106 262273590
198 980461436
90 748238416
282 518396957
376 96638621
235 78138948
273 133553100
150 669992759
70 574900133
368 370994236
317 934847049
32 836602631
222 652906741
175 213213612
182 609650546
367 445582081
279 793106777
225 415865323
38 575201274
77 82554985
380 983419577
350 447925759
198 669326896
275 207471090
149 460161480
128 129864949
31 549942350
299 481419883
220 154793455
175 685483128
137 670415515
108 304283825
233 265757193
21 753344341
175 37044537
176 849320723
85 393610148
282 61825246
392 309366772
113 605303388
233 752129273
152 120733309
253 572680019
230 678368513
366 929900439
375 982106888
393 141651554
137 838447858
398 493753124
305 761422414
35 516118326
308 179026471
33 853575532
30 3501149
245 272039763
366 457108084
288 993879347
312 403596546
152 282150181
338 735546935
165 618510078
119 559667431
197 180307979
55 973924741
40 127826450
229 988191543
292 484542033
152 9331544
290 263251010
74 720717654
63 177214615
204 202236113
380 464812899
320 561541840
175 953255240
157 501064272
368 953605706
159 572605861
221 176676561
245 89324311
54 564779487
65 400448051
113 574623063
155 139576567
279 568982986
207 992205976
293 677935273
122 142391253
93 794464286
49 113769529
354 387880916
154 895666501
143 503470046
368 806933772
305 621699213
35 226801030
296 81681645
182 745789012
282 440786529
320 593209736
336 511565375
347 676732451
280 295477072
40 416992965
193 101232462
335 536244262
392 75835470
62 793977948
360 484815953
225 588329844
147 619701809
110 50977056
189 530473356
27 922670397
291 244698721
326 398457192
209 289338194
175 140025073
235 179218276
169 632269364
341 828364231
220 768989887
363 608528964
326 742930531
346 845749206
318 890579229
32 427040894
90 256577442
232 325335432
354 240502132
217 463639235
48 506820557
238 32981099
209 57815792
246 185620691
39 836127886
68 431456169
69 152527738
223 310308427
326 329015765
51 716578000
55 518625823
223 536052938
201 342005758
101 600225383
64 896310264
286 761664206
390 930052852
387 864269693
56 924297441
293 142464824
312 657201992
309 703690806
121 731209971
108 153080777
183 171032566
149 187443463
140 67199128
126 106918407
60 197970061
11 430408946
394 272145575
67 792315173
160 414487960
193 908333206
76 467722077
340 623040389
333 772939062
79 134085398
186 287351752
380 689981352
389 208991744
350 679089394
65 636628788
222 810008710
305 381107784
19 399243963
47 136135438
233 838002844
363 385468162
240 121764649
54 182783546
93 282214877
325 10311740
184 258455183
244 662049208
397 41847002
192 465015721
11 656326106
76 469630300
104 497245917
301 721476431
282 9689777
158 38399472
351 956058764
221 384188696
38 737657433
124 513586159
260 271848321
65 602750257
273 37654640
102 471902975
72 607429323
25 910285144
298 617818505
13 607174568
123 63423210
296 193935719
164 984797939
99 836834119
352 148496351
141 259707921
287 613702745
72 956906452
165 996302933
91 438708053
300 431197697
30 438214739
366 641554287
257 936589545
12 374251449
133 1725941
148 96055967
196 750964838
110 546132926
330 144799133
260 706849895
378 290734131
100 66909715
259 407427691
285 608179816
297 342251242
182 219446750
114 497569387
136 401885684
249 910392713
78 957469487
126 354505782
172 699693270
179 985689159
261 687690190
369 965157953
100 647802838
209 396907719
388 692588668
180 555813924
248 811263076
108 388346293
356 678003389
368 564418947
289 260453017
252 762423172
269 672949340
30 4571022
185 825146545
11 308689082
393 825469038
399 288585151
276 678424886
181 502953210
323 299176416
278 59379883
190 563829189
154 872151225
140 398276567
12 933890589
364 745145787
45 400837654
161 243019016
354 580021199
65 368542285
225 689280100
134 941470757
280 225493195
125 491669215
54 998842094
169 157222794
272 922177062
352 987612017
189 72204960
173 328049477
27 693217259
301 804989564
88 34079168
128 73342092
15 211002815
210 528590259
22 166708676
246 535218049
124 38729284
136 811536847
368 872547797
343 928230662
49 765336944
103 765533842
262 323179543
189 584593283
88 650959161
311 188575701
67 256840752
34 88172515
105 154499497
354 580089595
30 968613146
77 66407400
77 381447338
16 928800522
305 940359
169 855662226
381 149839680
75 312601485
389 210659927
397 220285925
51 438323635
203 229380554
179 176422974
339 28890988
231 600378676
234 611370070
243 1763650
213 413898966
194 366749641
288 728559003
223 437604768
378 212048668
269 994507225
150 447800052
70 472463961
308 780646250
371 959513925
15 719997685
53 150791524
110 107715924
131 711010430
220 380698174
53 598866054
16 89101362
146 993200538
286 100972259
111 87648295
90 301823034
227 991051906
192 211693426
44 642666451
125 593923022
104 258848332
371 135647637
188 236381105
249 346959844
49 857757562
233 371406810
321 932207434
17 927745444
94 672177237
115 339064923
92 996559092
68 421771245
194 258295893
144 222566186
110 665667720
37 596588241
222 296733766
371 353784603
55 198080659
147 877233027
289 352856337
125 313099943
136 680555720
192 705091193
173 637393144
318 34379811
212 958748038
333 452861494
228 556574483
87 653967432
58 161734447
218 484542631
389 669011452
345 901262295
75 214197231
74 91360687
83 164727652
70 386126572
218 196279420
61 942011162
382 504924584
335 575146561
183 744848545
187 691610537
390 669581349
303 782347311
232 452668499
331 856347723
25 579520286
367 795809278
27 746519839
206 937592162
115 379286330
271 77506297
330 80851855
93 417014853
268 559958922
23 325406565
172 451369252
240 169206896
335 834514914
64 346712453
380 410325599
129 861233280
243 539196919
355 557402340
19 539286726
24 749445871
113 969505610
264 557188730
328 701065275
207 564089350
372 34938562
106 913406561
278 9360310
110 423629321
275 246296679
337 598942005
325 452984880
175 593772095
136 616842318
22 860374148
350 96826216
168 939838032
313 570228162
91 24819820
201 799395784
335 538347700
360 347695760
376 355903850
220 435681164
160 413925723
400 305487
305 366442691
256 983650211
76 265529437
353 49184339
245 680551927
214 640093163
84 124101469
204 855265588
69 95998043
287 804852058
249 481435474
339 474252152
147 795605174
300 757307877
172 38851862
358 300376267
144 44714049
238 580539308
255 358278770
118 446225472
284 356643330
277 636741534
257 209154085
229 183965977
250 920324125
36 277923166
325 745554585
387 358814196
24 644462016
378 118743419
315 812186046
34 925380999
378 736325254
169 158108030
276 958095251
354 595571556
303 691828523
66 229145407
209 903166059
132 747733996
184 806642815
70 949111583
244 938906286
298 533015818
88 206052027
262 551491267
396 455919014
393 317621524
33 430571113
345 309434233
297 859801882
262 516400686
247 138570479
132 290744455
145 722811020
106 507228491
368 636853410
211 322220626
48 809370231
366 35624529
181 59178834
207 150570361
209 696548709
156 968930827
191 549840173
352 657607868
27 572017084
347 515513057
183 267298592
303 735161310
136 56570591
373 502355548
262 181955029
72 893951952
42 432338515
181 45570214
57 146527747
165 909289668
348 372184771
84 499497632
97 472147387
274 358440505
170 195546875
323 430644555
334 413308582
367 48481654
39 76872670
291 322216780
125 822474943
324 39564957
115 757583940
288 48329328
221 492869119
65 260524317
183 143016001
165 331244652
80 630089970
303 214282231
222 983342345
244 985392496
72 887004625
48 769631427
186 134307926
95 360646085
180 326379203
116 925389290
299 455420327
341 702546331
39 391929851
396 315493636
388 809732673
343 11331727
109 234906791
154 893375217
275 585499954
242 469896294
153 381209403
183 624493561
24 961034049
46 155262487
346 189057775
238 359031724
88 538066442
83 301047425
206 235039839
235 213615840
217 779680387
308 109966720
331 315656618
387 360590950
299 866069822
160 414338410
195 11964630
24 547040107
384 533400580
122 677337016
358 724757611
219 32516650
170 872865476
34 599997162
294 743828339
108 517358761
136 174008707
249 742300640
322 71372399
13 679516140
140 368586108
304 783176442
158 804779489
335 583985066
231 374981601
280 630158250
393 482723252
354 448073181
201 523798029
179 247689348
324 829872491
120 447291701
261 893106254
240 8561964
144 715075120
257 766518315
283 681641992
242 203476831
319 94802381
95 379891973
27 72530224
233 502969158
145 686827342
227 654090988
360 979057592
166 39382663
232 382130900
190 454206119
17 739635601
266 125294834
164 78989861
400 190265529
312 353513201
390 628900765
295 168606866
138 957528399
62 819615080
156 314482411
112 67278877
383 811148143
52 851823269
363 390175997
179 990018232
318 537954066
91 692945736
214 541457889
174 689132901
152 138908948
115 606349231
93 851415074
52 431415186
96 925022288
399 849958695
241 622425274
310 820964467
340 666721371
142 144544358
227 48411219
131 332159154
184 445086825
291 432564347
180 223774183
287 762799070
299 340649887
29 444645632
326 279769496
56 348400809
15 816886944
30 383484721
40 199736301
129 544072897
37 766397290
151 214237994
45 150858629
219 666516080
93 4653652
217 574437670
85 849536991
229 790665693
281 947582691
101 68446438
88 250279180
142 122298381
80 175428224
125 161956397
188 610237800
49 897258699
126 462021004
93 829873180
28 662091791
153 521800771
78 605978043
223 281570496
34 538764358
254 558486554
73 185879827
75 494988457
343 975132270
11 91845972
134 277701224
299 417198648
276 881426368
88 640584695
80 296601501
71 344787271
257 434543549
366 135804489
95 101605557
121 196508963
392 649564734
22 420319174
204 105618961
25 373611471
274 341061233
233 432721802
81 105279263
321 434303380
215 427202732
304 102121985
54 573961177
265 642609702
50 229394870
116 942897706
308 952145522
27 79862949
346 562114166
30 564135771
149 849001034
303 736978345
183 661275683
68 49357438
282 701035243
188 473082613
46 255093552
283 743041389
345 218233283
123 832426889
325 329822083
358 385651625
273 359993221
301 561961337
159 327992432
196 804508844
387 176011154
19 158504386
282 684362136
70 80716321
48 233019151
94 141222585
121 137216428
95 33408099
41 794314391
384 817141495
76 30400260
78 687374483
319 175255435
360 604308995
180 896164050
244 983661744
355 423155880
313 593297319
115 20309943
19 470556909
101 754014425
179 197654760
122 556098161
188 984864352
311 596639547
375 343768927
312 668388402
144 963926118
283 371004515
22 902168073
65 116977214
383 169930953
368 764700952
66 996149443
371 405579071
251 118480360
328 957645767
42 585456217
273 370910869
356 893177441
212 446264739
97 918547840
235 583842775
396 311559608
117 600816582
230 672338297
83 411995164
196 975048576
92 362920315
220 117219343
249 375252129
44 750246724
377 949035897
195 819118084
15 117928005
102 600537073
143 128183006
140 142297180
260 420836431
307 923897662
205 331969390
393 304181025
12 458995494
19 127640262
246 492368861
185 240809814
309 260461761
299 333720592
132 115292631
336 780291468
388 19642655
211 887405381
164 107016888
361 86763315
348 864638736
187 864484919
87 933696268
263 258033726
323 805467566
14 843497137
291 742016234
21 72603394
208 628981836
372 66925283
276 481911153
58 245251191
365 428952322
102 287272147
384 295313027
111 351347386
308 445575901
238 607596444
211 903319407
303 406975295
348 655732069
324 462306689
260 193668866
177 847551084
320 490970877
241 141158600
300 557948322
32 785285564
199 542427608
350 169962620
37 508478950
306 879043625
204 380352150
181 967732043
327 771027690
195 727721954
278 39815299
366 794664252
364 16188546
90 15843368
320 253309199
274 480958121
396 782922182
386 330866539
241 529789780
202 349837907
385 686769070
34 586873485
276 604881708
176 683538288
276 120902154
387 452721630
208 572044443
156 997431699
45 165108353
256 406159992
336 243596754
23 779588868
21 826543540
304 544534009
171 700546022
219 381203590
230 974524648
365 525186772
220 621560685
320 709614729
153 745679418
288 904157748
219 152926996
367 704803543
134 824513207
385 176804631
48 608851673
385 619667376
70 75188196
315 729792620
150 179518551
96 720554721
243 349880627
389 675843400
34 830441579
91 76658371
150 817328683
243 205990820
309 250999881
119 502577161
47 705591181
385 880627774
111 340047784
287 543090247
354 61817612
305 781073533
104 252550602
24 411703079
201 781863433
285 943456257
315 868029188
315 534528326
254 433110913
352 189673351
384 698011108
16 195863195
249 890458730
18 388007788
225 783194953
17 501869016
85 385908255
332 730774126
246 18920699
342 211535719
25 311965389
135 911347082
104 107171097
329 173505969
159 610255626
75 389068375
256 85795862
98 797571748
112 117641508
387 30546626
215 812121449
91 880071435
84 747815700
311 880700622
39 62228800
316 280071241
133 999903723
144 624657537
136 397068768
335 89329686
396 949385661
71 696999248
51 630557263
108 368052566
306 990544818
197 598988556
114 490648160
221 35302101
336 16530404
163 311350631
253 445543067
394 145935010
94 813210280
377 741119006
253 557729614
205 954685906
310 683779400
274 988535907
43 951667187
366 497380896
321 132461579
262 649344390
273 554217354
343 748806554
88 401548953
158 90318296
115 72426197
291 714549778
341 692649892
272 132998485
390 705039457
24 364011095
168 464081028
255 414292144
48 521512560
284 646568890
344 538152099
334 875859765
208 993227387
66 82591261
297 655302723
78 202094068
392 632930367
90 154512482
121 13810503
322 903259302
106 270083398
149 436518805
91 117358100
217 472990748
293 593631885
292 449558742
32 736167855
116 858994581
139 320435725
233 607239671
55 931147355
358 176174276
364 801893117
323 983652348
100 289864194
174 476523404
331 45797330
53 828689742
357 700824004
317 739354048
360 689579793
207 809841990
29 954144954
277 947515450
51 403022674
178 269523775
396 756583823
199 338160303
383 801251805
127 163753113
212 579423889
324 787287694
331 489147814
135 980575506
293 221215685
76 268995215
313 524908884
155 392548704
161 319413335
257 444160758
346 992877228
29 741811059
376 578222801
259 615836714
63 333524397
284 956412691
331 849745789
180 976563183
89 308559622
155 904156424
220 485842899
181 753450964
117 357997407
147 722642887
243 729656703
347 640027627
22 87709328
295 646965540
381 493188168
88 21764370
347 734351257
163 761210080
40 656718406
354 134662184
351 354093076
290 760370806
78 203787556
163 245238661
376 112298417
299 474469295
230 808106799
51 743503414
50 582934266
152 758861058
282 843011741
267 775943066
147 732288449
236 329880584
228 127430035
240 381885939
234 642807033
43 204688502
309 871550030
307 765329910
366 201162794
226 561676096
352 813541888
309 83286246
175 206882991
372 5467357
290 278740042
181 949659487
291 910160244
249 636607784
69 41738881
117 81043652
77 18218706
254 174256902
195 869099899
30 210799566
340 146824117
85 635488945
255 759295678
243 341807765
393 442312104
304 451825061
393 432274909
171 13008839
23 658706582
159 789534990
84 899506061
159 227987096
294 300442206
123 696391729
49 147837789
